呈村	上溪口	五城	黟县	岩前	儒村	休宁	石门	屯溪
4	1	1	1	0	0	0	0	0
1.5	0	0	2.5	0.5	1	0.5	0	0.5
0.5	1.5	0.5	2.5	0	1	0.5	0	1.5
0.5	0	0	27.5	4.5	44	3.5	0.5	0
0	0	0	0	0	0	0	0	0
0	0	0	0	0	0	0	0	0
0	0	0	0	0	0	0.5	0	0
0	0	0	0	0	0	0	0	0
0	0	0	13.5	1.5	20.5	0	0	0
0	0.5	0	1	7.5	15.5	11	0	0.5
0	0	0	1	0	28.5	0	0	0
0	1.5	1.5	15	13.5	23.5	10	2.5	1
5.5	18.5	7.5	8.5	18.5	2.5	31	18.5	12
3	3.5	28	4	3.5	3	4	19	4
4.5	4	4	0.5	2	0.5	2	1	2
0.5	0.5	2.5	1	0.5	0.5	0.5	4	2
2	1	1	1	1.5	0.5	1.5	1	0.5
1.5	0.5	1	0	0.5	0.5	2.5	0.5	1
0.5	0	1.5	0	0	0	6	0.5	1.5
0	0.5	0.5	0	0	0	0	0	1.5
0	0.5	0	0	0.5	0	0	0.5	0
0.5	0	0	0	0.5	0	0	0	0
0	0.5	0	0	0	0	0	0.5	0
0	0	0	0	0	0	0	0	0
0	0	0	0	0	0	0	0	0
0	0	0	0	0	0	0	0.5	0
0	0	0.5	0	0	0	0	0	0
0	0	0	0	0	0	0	0.5	0
0	0	0	0	0	0	0	0	0
0	0	0.5	0	0	0	0	0	0
0	0	0	0	0	0	0	0	0
0	0	0	0	0	0	0	0	0
0	0	0	0	0	0	0	0	0
0	0	0	0	0	0	0	0	0
0	0	0	0	0	0	0	0	0
1.5	0.5	0.5	0	0	0	0	0	0
2	1	2	4	2.5	0.5	0	0.5	1.5
0	0	2	1.5	0.5	1	0	0	0.5
0	0	0	0.5	0	1	0	0	0
0	0	0	0	0	0	0.5	0	0
0	0	0	0	0	0	0	0	0
0	0	0	0	0	0	0	0	0
0	0	0	0	0	0	0	0	0
0	0	0	0	0	0	0	0	0
0	0	0	0	0	0	0	0	0
0.5	0.5	0	0	0.5	0	0	0	0
0	0	0.5	0	0	0	0	0	0
0	0	0	0	0	0	0	0	0
0	0	0	0	0	0	0	0	0
0.5	0	0	0.5	0	0	0	0	0
2	1.5	2.5	1.5	3	1	2	0	0.5
0	0	0	0	0	0.5	0.5	0.5	0
0	0.5	0.5	0	0	0	0	0	0
0	0	2	0	0	0	0	0	0.5
0	0	0	0	0	0	0	0	0
0	0	0	0	0	0	0.5	0	0
7.5	1	2	0.5	0.5	0	0	0.5	0
11.5	10.5	3	0	5	0	4	3	2.5
3.5	3	26	2	4.5	1.5	5.5	4	11.5
7	4	15.5	4	2.5	2	2.5	22.5	13
2	3	1.5	7	7	10	4	3.5	4
1	1	1	1.5	1.5	1.5	1	1	1
2.5	2.5	3	2.5	1	2	1	0.5	0.5
0.5	0	0.5	0.5	1	1	1.5	3	0.5
0.5	0.5	0.5	0.5	0	0	0	0.5	0
0	0	0	0	0.5	0	0	0	0
1	0.5	0.5	0	0	0	0	0.5	0.5
0	0.5	0	0.5	0	0.5	0	0	0
0	0.5	0	0	0	0	0.5	0.5	0
0	0	0	0	0	0	0	0	0
0	0	0	0	0	0	0	0	0
0	0	0.5	0	1	0	0	0.5	1.5
0	0	0	0.5	0	0.5	0	1	1
0	0	0	0	0	0	0	0.5	1
0	0	0	0	0.5	0	0	0.5	0
0	0	0	0	0	0	0	0	0
0	0	0	0	0	0	0	0.5	0
0	0	0	0.5	0	0.5	0	0	0
0	0	0	0	0	0	0	0.5	0
0	0	0	0	0	0	0	0	0
0	0	0	0	0	0	0	0	0
0	0	0	0	0	0	0	0.5	0
0	0	0	0	0	0	0	0	0
0	0	0	0	0	0	0	0	0
0	0	0	0	0	0	0	0	0
0	0	0	0	0	0	0	0	0
0	0	0	0	0	0	0	0	0
0	0	0	0	0	0	0	0	0
0	0	0	0	0	0	0	0	0
0	0	0	0	0	0	0	0	0
0	0	0	0	0	0	0	0	0
0	0	0	0	0	0	0	0	0
0	0	0	0	0	0	0	0	0
0	0	0	0	0	0	0	0	0
0	0	0	0	0	0	0	0	0
0	0	0	0	0	0	0	0	0
0	0	0	0	0	0	0	0	0
0	0	0	0	0	0	0	0	0
0	0	0	0	0	0	0	0	0
0	0	0	0	0	0	0	0	0
0	0	0	0	0	0	0	0	0
0	0	0	0	0	0	0	0	0
0	0	0	0	0	0	0	0	0
0	0	0	0	0	0	0	0	0
0	0	0	0	0	0	0	0	0
0	0	0	0	0	0	0	0	0
0	0	0	0	0	0	0	0	0
0	0	0	0	0	0	0	0	0
0	0	0	0	0	0	0	0	0
0	0	0	0	0	0	0	0	0
0	0	0	0	0	0	0	0	0
0	0	0	0	0	0	0	0	0
0	0	0	0	0	0	0	0	0
0	0	0	0	0	0	0	0	0
0	0	0	0	0	0	0	0	0
0	0	0	0	0	0	0	0	0
0	0	0	0	0	0	0	0	0
0	0	0	0	0	0	0	0	0
0	0	0	0	0	0	0	0	0
0	0	0	0	0	0	0	0	0
0	0	0	0	0	0	0	0	0
0	0	0	0	0	0	0	0	0
0	0	0	0	0	0	0	0	0
0	0	0	0	0	0	0	0	0
0	0	0	0	0	0	0	0	0
0	0	0	0	0	0	0	0	0
0	0	0	0	0	0	0	0	0
0	0	0	0	0	0	0	0	0
0	0	0	0	0	0	0	0	0
0	0	0	0	0	0	0	0	0
0	0	0	0	0	0	0	0	0
0	0	0	0	0	0	0	0	0
0	0	0	0	0	0	0	0	0
0	0	2	0	0	0	0	0	0
0	0	2	0	0	0	0	0	0
0	0	0	0	0	0	0	0	0
0	0	21.5	0	0	0	0	0.5	1
0	0	3	0	0	0	0	0.5	0
0	0	0	0	0	0	0	0	0
0	0	6.5	0	0	0	0	0	0
0	0	0	0	0.5	0	0	0	0
0	0	0	0	0	0	0	0.5	0
0	0	0	0	0	0	0	0	0
0	0	0	0	0	0	0	0	0
0	0	0	0	0	0	0	0	0
0	0	0	0	0	0	0	0	0
0	0	0	0	0	0	0	0	0
0	0	0	0	0	0	0	0	0
0	0	0	0	0	0	0	0	0
0	0	0	0	0	0	0	0	0
0	0	0	0	0	0	0	0	0
0	0	0	0	0	0	0	0	0
0	0	0	0	0	0	0	0	0
0	0	0	0	0	0	0	0	0
0	0	0	0	0	0	0	0	0
0	0	0	0	0	0	0	0	0
0	0	0	0	0	0	0	0	0
0	0	0	0	0	0	0	0	0
0	0	0	0	0	0	0	0	0
0	0	0	0	0	0	0	0	0
0	0	0	0	0	0	0	1	0
0	0	0	0	0	0	0	0.5	0
0	0	0	0	0	0	0	0.5	0
0	0	0	0	0	0	0	0	0
0	0	0	0	0	0	0	0	0
0	0	0	0	0	0	0	0	0
0	0	0	0	0	0	0	0	0
0	0	0	0	0	0	0	0	0
0	0	0	0	0	0	0	0	0
0	0	0	0	0	0	0	0	0
0	0	0	0	0	0	0	0	0
0	0	0	0	0	0	0	0	0
0	0	0	0	0	0	0	0	0
0	0	0	0	0	0	0	0	0
0	0	0	0	0	0	0	0	0
0	0	0	0	0	0	0	0.5	0
0	0	0	0	0	0	0	0	0
0	0	0	0	0	0	0	0	0
0	0	0	0	0	0	0	0	0
0	0	0	0	0	0	0	0	0
0	0	0	0	0	0	0	0	0
0	0	0	0	0	0	0	0	0
0	0	0	0	0	0	0	0	0
0	0	0	0	0	0	0	0	0
0	0	0	0	0	0	0	0	0
0	0	0	0	0	0	0	0	0
0	0	0	0	0	0	0	0	0
0	0	0	0	0	0	0	0	0
0	0	0	0	0	0	0	0	0
0	0	0	0	0	0	0	0	0
0	0	0	0	0	0	0	0	0
0	0	0	0	0	0	0	0	0
0	0	0	0	0	0	0	0	0
0	0	0	0	0	0	0	0	0
0	0	0	0	0	0	0	0	0
0	0	0	0	0	0	0	0	0
0	0	0	0	0	0	0	0	0
0	0	0	0	0	0	0	0	0
0	0	0	0	0	0	0	0	0
0	0	0	0	0	0	0	0	0
0	0	0	0	0	0	0	0	0
0	0	0	0	0	0	0	0	0
0	0	0	0	0	0	0	0	0
0	0	0	0	0	0	0	0	0
0	0	0	0	0	0	0	0	0
0	0	0	0	0	0	0	0	0
0	0	0	0	0	0	0	0	0
0	0	0	0	0	0	0	0	0
0	0	0	0	0	0	0	0	0
0	0	0	0	0	0	0	0	0
0	0	0	0	0	0	0	0	0
0	0	0	0	0	0	0	0	0
0	0	0	0	0	0	0	0	0
0	0	0	0	0	0	0	0	0
0	0	0	0	0	0	0	0	0
0	0	0	0	0	0	0	0	0
0	0	0	0	0	0	0	0	0
0	0	0	0	0	0	0	0	0
0	0	0	0	0	0	0	0	0
0	0	0	0	0	0	0	0	0
0	0	0	0	0	0	0	0	0
0	0	0	0	0	0	0	0	0
0	0	0	0	0	0	0	0	0
0	0	0	0	0	0	0	0	0
0	0	0	0	0	0	0	0	0
0	0	0	0	0	0	0	0	0
0	0	0	0	0	0	0	0	0
0	0	0	0	0	0	0	0	0
0	0	0	0	0	0	0	0	0
0	0	0	0	0	0	0	0	0
0	0	0	0	0	0	0	0	0
0	0	0	0	0	0	0	0	0
0	0	0	0	0	0	0	0	0
0	0	0	0	0	0	0	0	0
0	0	0	0	0	0	0	0	0
0	0	0	0	0	0	0	0	0
0	0	0	0	0	0	0	0	0
0	0	0	0	0	0	0	0	0
0	0	0	0	0	0	0	0	0
0	0	0	0	0	0	0	0	0
0	0	0	0	0	0	0	0	0
0	0	0	0	0	0	0	0	0
0	0	0	0	0	0	0	0	0
0	0	0	0	0	0	0	0	0
0.5	0	0	0	0	0	0	0	0
5.5	1	0	0.5	1.5	1	0	0	0
4	5	1.5	4.5	4	3	4	3	0.5
0.5	3.5	3.5	0.5	1	0.5	2	41.5	1
0	0	0.5	0	0	0	0	3.5	2
0	0	0	0	0	0	0	0.5	0
0	0	0	0	0	0	0	0.5	0.5
0	0	0	0	0	0	0	0.5	0
0	0	0	0	0	0	0	0	0
0	0	0	0	0	0	0	0	0
0	0.5	0.5	0	0	0	0	0	1.5
2.5	22	1	0	0	0	0.5	0	0
1	10	1.5	0	1.5	0	0.5	0	3.5
0	1.5	0.5	1	0	0.5	0.5	0	1.5
0.5	0	0.5	0.5	0	1	0	0	0
0.5	0.5	0	0.5	0	0	0	0	0
2	0	0	0.5	0	0	0	0	0
1	1	0	0	1.5	0	0.5	0	0
0	0	0	0	0	0.5	0.5	0.5	1.5
0.5	0	0	0.5	0	0	0	0.5	0
1	1.5	1	3.5	0.5	2	0	0	0.5
1	1	0	3	1.5	1.5	0	1	0
0	0	0	2.5	0	3	0	0	0
0	0	0	0	0	1	0	0.5	0
0	0	0	0.5	0	0	0	0	0
0	0	0	0	0	0	0	0	0
0	0	0	0	0	0	0	0.5	0
2	0	0	14	0.5	12	0.5	0	0
12	4.5	0.5	11	4.5	7.5	5	3.5	0.5
1.5	2.5	1.5	5	3.5	6	7	1	2.5
0	0	2	0	0	0	0.5	5.5	4.5
0	0	0	0	0	0	0	1.5	0
0	0	0	0	0	0	1	0.5	0
0	0	0	0	0	0	0	0	0
0	0.5	0	0	0	0	0	0	0
0	0	0	0	0	0	0	0	0
0	0	0	0	0	0	0	0	0
0	0	0	0	0	0	0	0	0
0	0	0	0	0	0	0	0	0
0	0	0	0	0	0	0	0	0
0	0	0	0	0.5	0	0	0	0
0	0	0	0	0	0	0	0	0
0	0	0	0	0	0	0	0	0
0	0	0	0	0	0	0	0	0
0	0	0	0	0	0	0	0	0
0	0	0	0	0	0	0	0	0
0	0	0	0	0	0	0	0	0
0	0	0	0	0	0	0	0	0
0	0	0	0	0	0	0	0	0
0	0	0	0	0	0	0	0	0
0	0	0	0	0	0	0	0	0
0	0	0	0	0	0	0	0	0
0	0	0	0	0	0	0	0	0
0	0	0	0	0	0	0	0	0
0	0	0	0	0	0	0	0	0
0	0	0	0	0	0	0	0	0
0	0	0	0	0	0	0	0	0
0	0	0	0	0	0	0	0	0
0	0	0	0	0	0	0	0	0
0	0	0	0	0	0	0	0	0
0	0	0	0	0	0	0	0	0
0	0	0	0	0	0	0	0	0
0	0	0	0	0	0	0	0	0
0	0	0	0	0	0	0	0	0
0	0	0	0	0	0	0	0	0
0	0	0	0	0	0	0	0	0
0	0	0	0	0	0	0	0	0
0	0	0	0	0	0	0	0	0
0	0	0	0	0	0	0	0	0
0	0	0	0	0	0	0	0	0
0	0	0	0	0	0	0	0	0
0	0	0	0	0	0	0	0	0
0	0	0	0	0	0	0	0	0
0	0	0	0	0	0	0	0	0
0	0	0	0	0	0	0	0	0
0	0	0	0	0	0	0	0	0
0	0	0	0	0	0	0	0	0
0	0	0	0	0	0	0	0	0
0	0	0	0	0	0	0	0	0
0	0	0	0	0	0	0	0	0
0	0	0	0	0	0	0	0	0
0	0	0	0	0	0	0	0	0
0	0	0	0	0	0	0	0	0
0	0	0	0	0	0	0	0	0
0	0	0	0	0	0	0	0	0
0	0	0	0	0	0	0	0	0
0	0	0	0	0	0	0	0	0
0	0	0	0	0	0	0	0	0
0	0	0	0	0	0	0	0	0
0	0	0	0	0	0	0	0	0
0	0	0	0	0	0	0	0	0
0	0	0	0	0	0	0	0	0
0	0	0	0	0	0	0	0	0
0	0	0	0	0	0	0	0	0
0	0	0	0	0	0	0	0	0
0	0	0	0	0	0	0	0	0
0	0	0	0	0	0	0	0	0
0	0	0	0	0	0	0	0	0
0	0	0	0	0	0	0	0	0
0	0	0	0	0	0	0	0	0
0	0	0	0	0	0	0	0	0
0	0	0	0	0	0	0	0	0
18.5	4.5	1	0	0	0	0	0	0
8.5	9	11.5	31	3	1.5	2	1	0.5
3.5	9.5	39.5	6	13.5	15.5	8.5	25.5	8.5
2.5	3	7.5	3	2.5	3	5.5	14.5	7
7	11.5	20	5.5	4	2	6	14.5	12.5
8	3	4.5	3	5.5	4	5.5	5.5	9
0.5	0.5	0.5	1	3.5	1.5	1.5	1.5	1
0.5	1	3	0.5	0.5	0.5	0.5	4	3.5
0.5	2	5.5	0	0	0	1	7	3.5
0	0	0.5	0	0	0	0.5	1.5	1
0	0	0	0	0	0	0	0	0
0	0	0	0	0	0	0	1	0
0	0	0	0	0	0	0	0	0
0	0	0	0	0	0	0	0.5	0
0	0	0	0	0	0	0	0	0
0	0	0	0	0	0	0	0	0
0	0	0	0	0	0	0	0	0
0	0	0	0	0	0	0	0	0
0	0	0	0	0	0	0	1	0
0	0	0	0	0	0	0	0.5	0
0	0	0	0	0	0	0	0	0
0	0	0	0	0	0	0	0	0
0	0	0	0	0	0	0	0	0
0	0	0	0	0	0	0	0	0
0	0	0	0	0	0	0	0	0
0	0	0	0	0	0	0	0	0
0	0	0	0	0	0	0	0	0
0	0	0	0	0	0	0	0	0
0	0	0	0	0	0	0	0	0
0	0	0	0	0	0	0	0	0
0	0	0	0	0	0	0	0	0
0	0	0	0	0	0	0	0	0
0	0	0	0	0	0	0	0	0
0	0	0	0	0	0	0	0	0
0	0	0	0	0	0	0	0	0
0	0	0	0	0	0	0	0	0
0	0	0	0	0	0	0	0	0
0	0	0	0	0	0	0	0	0
0	0	0	0	0	0	0	0	0
0	0	0	0	0	0	0	0	0
0	0	0	0	0	0	0	0	0
0	0	0	0	0	0	0	0	0
0	0	0	0	0	0	0	0	0
0	0	0	0	0	0	0	0	0
0	0	0	0	0	0	0	0	0
0	0	0	0	0	0	0	0	0
0	0	0	0	0	0	0	0	0
0	0	0	0	0	0	0	0	0
0	0	0	0	0	0	0	0	0
0	0	0	0	0	0	0	0	0
0	0	0	0	0	0	0	0	0
0	0	0	0	0	0	0	0	0
0	0	0	0	0	0	0	0	0
0	0	0	0	0	0	0	0	0
0	0	0	0	0	0	0	0	0
0	0	0	0	0	0	0	0	0
0	0	0	0	0	0	0	0	0
0	0	0	0	0	0	0	0	0
0	0	0	0	0	0	0	0	0
0	0	0	0	0	0	0	0	0
0	0	0	0	0	0	0	0	0
0	0	0	0	0	0	0	0	0
0	0	0	0	0	0	0	0	0
0	0	0	0	0	0	0	0	0
0	0	0	0	0	0	0	0	0
0	0	0	0	0	0	0	0	0
0	0	0	0	0	0	0	0	0
0	0	0	0	0	0	0	0	0
0	0	0	0	0	0	0	0	0
0	0	0	0	0	0	0	0	0
0	0	0	0	0	0	0	0	0
0	0	0	0	0	0	0	2.5	0
0	0	0	0	0	0	0	0.5	0
0	0	0	0	0	0	0	0	0
0	0	0	0	0	0	0	0	0
0.5	0	0.5	1	0	0	0	0.5	0
0	0	0	7.5	1.5	7	0	0	0.5
0	0	0	0	1	0.5	0.5	0	0.5
2.5	2.5	0.5	0	0	0	0	0.5	0
1	0.5	1.5	10	0.5	7.5	1.5	0	2.5
18.5	0.5	1	0	0.5	0	0	0	0
24	1	0.5	0.5	1	1	0	0	0
20.5	8	1	0.5	0.5	0	0	0	0
0.5	41.5	5	18.5	11.5	0.5	0	0	2
1	2	2	65	6	5.5	4	1.5	3.5
0.5	0	0	8.5	0.5	35.5	4	0.5	3.5
2	0	0	40	0	16	0	0	0
0.5	1.5	1.5	2.5	2	3	2.5	3.5	1.5
0	0	0	3	0.5	1	1	2	1.5
0.5	0	0	10	11	0.5	3	0	3
1	1.5	0	2	2	0.5	1.5	0.5	1
3	2	1.5	3.5	4	4.5	4	4.5	3
1	1	1	1	1	0.5	0.5	1	1.5
2	1	1	1	0.5	1	0.5	1	0.5
18.5	5.5	4	3	3	2	1.5	2	2
27	12.5	5	3.5	5.5	3	5.5	4.5	5.5
13.5	8.5	11.5	22	18	16	9	5	5
23	35	9.5	21.5	16.5	10.5	13	7	11
13.5	23	14	15	18	12	17	11.5	9
7	9	15	3.5	5	4.5	7	14.5	19
25	21.5	9	5	7.5	5	7.5	5	7.5
12.5	25.5	16	3	6	4	16	13	24
11	10	12	6	7.5	4.5	11	5	22
3	4	2	17.5	4.5	9	4.5	2.5	11
2.5	1	0.5	10.5	2	19.5	2.5	1	1.5
26	5	1.5	12	7.5	7	5.5	1	3.5
4	3.5	5.5	7	4.5	8.5	4	2.5	4.5
21	11.5	3.5	2	5	2.5	5	3	3
0.5	0.5	2.5	1	1	0.5	1.5	4	5.5
0	0	0.5	0.5	0.5	1.5	0	0.5	0
9.5	1.5	0	1	1	0.5	1.5	1	0.5
0	0	0	2	5	3	2.5	0	2.5
0	0	0	0.5	0	1	0	0.5	0
0	0	0	0	0	0	0	0	0
0	0	0.5	0	0	0	0	0	0
0	0	0	0	0	0	0	0	0
0	0	0	0	0	0	0	0	0
0	0	0	0	0	0	0	0	0
0	0	0	0	0	0	0	0	0
0	0	0	0	0	0	0	0	0
0	0	0	0	0	0	0	0	0
0	0	0	0	0	0	0	0	0
0	0	0	0	0	0	0	0.5	0
0	0	0	0	0	0	0	0	0
0	0	0	0	0	0	0	0	0
0	0	0	0	0	0	0	0	0
0	0	0	0	0	0	0	0	0
0	0	0	0	0	0	0	0	0
0	0	0	0	0	0	0	0	0
0	0	0	0	0	0	0	0	0
0	0	0	0	0	0	0	0	0
0	0	0	0	0	0	0	0	0
0	0	0	0	0	0	0	0	0
0	0	0	0	0	0	0	0	0
0	0	0	0	0	0	0	0	0
0	0	0	0	0	0	0	0	0
0	0	0	0	0	0	0	0	0
0	0	0	0	0	0	0	0	0
0	0	0	0	0	0	0	0	0
0	0	0	0	0	0	0	0	0
0	0	0	0	0	0	0	0	0
0	0	0	0	0	0	0	0	0
0	0	0	0	0	0	0	0	0
0	0	0	0	0	0	0	0	0
0	0	0	0	0	0	0	0	0
0	0	0	0	0	0	0	0	0
0	0	0	0	0	0	0	0	0
0	0	0	0	0	0	0	0	0
0	0	0	0	0	0	0	0	0
0	0	0	0	0	0	0	0	0
0	0	0	0	0	0	0	0	0
0	0	0	0	0	0	0	0	0
0	0	0	0	0	0	0	0	0
0	0	0	0	0	0	0	0	0
0	0	0	0	0	0	0	0	0
0	0	0	0	0	0	0	0	0
0	0	0	0	0	0	0	0	0
0	0	0	0	0	0	0	0	0
0	0	0	0	0	0	0	0	0
0	0	0	0	0	0	0	0	0
0	0	0	0	0	0	0	0	0
0	0	0	0	0	0	0	0	0
0	0	0	0	0	0	0	0	0
0	0	0	0	0	0	0	0	0
0	0	0	0	0	0	0	0	0
0	0	0	0	0	0	0	0	0
0	0	0	0	0	0	0	0	0
0	0	0	0	0	0	0	0	0
0	0	0	0	0	0	0	0	0
0	0	0	0	0	0	0	0	0
0	0	0	0	0	0	0	0	0
0	0	0	0	0	0	0	0	0
0	0	0	0	0	0	0	0	0
0	0	0	0	0	0	0	0	0
0	0	0	0	0	0	0	0	0
0	0	0	0	0	0	0	0	0
0	0	0	4	0	4	0	0	0
1	0	0	0	0.5	0.5	0.5	0	1
0	0	0	0	0	0	0	0	0.5
0	0	0	0	0	0	0	0	0
0	0	0	0	0	0	0	0	0
0	0	0	0	0	0	0	0	0
0	0	0	0	0	0	0	0	0
0	0	0	0	0	0	0	0	0
0	0	0	0	0	0	0	0	0
0	0	0	0	0	0	0	0	0
0	0	0	0	0	0	0	0	0
0	0	0	0	0	0	0	0	0
0	0	0	0	0	0	0	0	0
0	0	0	0	0	0	0	0	0
0	0	0	0	0	0	0	0	0
0	0	0	0	0	0	0	0	0
0	0	0	0	0	0	0	0	0
0	0	0	0	0	0	0	0	0
0	0	0	0	0	0	0	0	0
0	0	0	0	0	0	0	0	0
0	0	0	0	0	0	0	0	0
0	0	0	0	0	0	0	0	0
0	0	0	0	0	0	0	0	0
0	0	0	0	0	0	0	0	0
0	0	0	0	0	0	0	0	0
0	0	0	0	0	0	0	0	0
0	0	0	0	0	0	0	0	0
0	0	0	0	0	0	0	0	0
0	0	0	0	0	0	0	0	0
0	0	0	0	0	0	0	0	0
0	0	0	0	0	0	0	0	0
0	0	0	0	0	0	0	0	0
0	0	0	0	0	0	0	0	0
0	0	0	0	0	0	0	0	0
0	0	0	0	0	0	0	0	0
0	0	0	0	0	0	0	0	0
0	0	0	0	0	0	0	0	0
0	0	0	0	0	0	0	0	0
0	0	0	0	0	0	0	0	0
0	0	0	0	0	0	0	0	0
0	0	0	0	0	0	0	0	0
0	0	0	0	0	0	0	0	0
0	0	0	0	0	0	0	0	0
0	0	0	0	0	0	0	0	0
0	0	0	0	0	0	0	0	0
0	0	0	0	0	0	0	0	0
0	0	0	0	0	0	0	0	0
0	0	0	16	0.5	5	0	0	0
0	0	0	0	0	0.5	0	0	0
0	0	0	0	0	0	0	0	4
0	0	0	0	0	0	0	0	0
0	0	0	2	0.5	0.5	0	0	0
0	0	0	0	0	0	0	0	0
5	0	0	0	0	0	0	0	0
0	0	0	0	0.5	0	0	0	0
15	9	0	0	4	0.5	0	2	0
12	2.5	13.5	4.5	3	4	5.5	4	5.5
15.5	12.5	3.5	0.5	17	0	10	12	6
0.5	2	11	2	2.5	2.5	4.5	5.5	6
0	0.5	2.5	1	0	1.5	0.5	1.5	9
0	1.5	4	1.5	0	0.5	0	20.5	23.5
0	0	1.5	0	0	0	3	8.5	3.5
0	0.5	0	0	0.5	0	0	0.5	0
3.5	1	0	0	0	0	0	0	0
9	0	5.5	0	1	0	1.5	2	3.5
0	0.5	4.5	0	3	0.5	4	13	1
0	0	0.5	0	3	0	0	2.5	0.5
0	0	0	1	0	0.5	0	0	0
0.5	0	2	0.5	2	0.5	0	0.5	0.5
0	0	1	0	1	0	0	3	0
0	1.5	0	1	0.5	2	0	0	0.5
2.5	0.5	0	0.5	0.5	0	1	3.5	2.5
0	0	1.5	0	0	0	0	5.5	2.5
0	0.5	0	0	0.5	0	0.5	0	0.5
2.5	0.5	0	1.5	1	1	0	0	0.5
4	4	1.5	1.5	3	1.5	6	0	0.5
0.5	0	1	0	0.5	0	0.5	1	1.5
0	0.5	0	0.5	0	1.5	0	0.5	0.5
2	0.5	0.5	3.5	1	2	0	0	0
2.5	3.5	0.5	5	3.5	5.5	1.5	0	0
7.5	5.5	4	1.5	9.5	2.5	6	0.5	3.5
1	0.5	6.5	4.5	1.5	6	6	11	5.5
4	3	1	1.5	12	1.5	8.5	0.5	1.5
1	1.5	1.5	2	3	5.5	3.5	1	1
5.5	1	0.5	6	4	4	2	0.5	0.5
8	5.5	6.5	4.5	8	3	8.5	2	5
2.5	3.5	5	1.5	3	1.5	4	6	6
0.5	0.5	1	0	0.5	0	1	1	0.5
0	0	0	0	0	0	0	0	0.5
0	0	0	0	0	0	0	0	0
0	0	0	0	0	0	0	0	0
0	0	0	0	0	0	0	0	0
0	0	0	0	0	0	0	0	0
0	0	0	0	0	0	0	0	0
0	0	0	0	0	0	0	0	0
0	0	0	0	0	0	0	0	0
0	0	0	0	0	0	0	0	0
0	0	0.5	0	0	0.5	0	0	0
0	0	0.5	0	0	0	0	0	0
0	0	0	0	0	0	0	0	0
0	0	0	0	0	0	0	0	0
0	0	0	0	0	0	0	0	0
0	0	0	0	0	0	0	0	0
0	0	0	0	0	0	0	0	0
0	0	0	0	0	0	0	0	0
0	0	0	0	0	0	0	0	0
0	0	0	0	0	0	0	0	0
0	0	0	0	0	0	0	0	0
0	0	0	0	0	0	0	0	0
0	0	0	0	0	0	0	0	0
0	0	0	0	0	0	0	0	0
0	0	0	0	0	0	0	0	0
0	0	0	0	0	0	0	0	0
0	0	0	0	0	0	0	0	0
0	0	0	0	0	0	0	0	0
0	0	0	0.5	0	0	1	0	0
0	0	0	0	0	0.5	0	0	0
0	0	0	0.5	0	0	0	0	0
0	0	0	0	0	0	0	0	0
0	0	0	0	0	0	0	0	0
0	0	0	0	0	0	0	0	0
0	0	0	0	0	0	0	0	0
0	0	0	0	0	0	0	0	0
0	0	0	0	0	0	0	0	0
0	0	0	0	0	0	0	0	0
0	0	0	0	0	0	0	0	0
0	0	0	0	0	0	0	0	0
0	0	0	0	0	0	0	0	0
0	0	0	0	0	0	0	0	0
0	0	0	0	0	0	0	0	0
0	0	0	0	0	0	0	0	0
0.5	0	0	0	0.5	0	0	0	0
0	0	0	1	0	0.5	0	0	0
0	0	0	0.5	0	0.5	0	0	0
0	0	0	0.5	0.5	0	0	0	0
0	0	0	0	0	0	0	0	0
0	0	0	0.5	0	0.5	0	0	0
0	0.5	0	0	0	0	0	0	0
0	0	0	0	0	0	0	0	0
0	0	0	0	0	0	0	0	0
7.5	0.5	0	0	0	0	0	0	0
0	0	1	0	0	0	0	0	0
0	0	0	0	0	0	0	0	0
3	0	1	0	1.5	0	0	0	0.5
0	4	1	0	1	0	2.5	1	20.5
0	1	20	0	0	0	0.5	13	12.5
6.5	7.5	1	2	18	1	17.5	0	3.5
0	0	0	0	6.5	0	1.5	0.5	0
0	0	0	0	0	0	0	0.5	0
0	0	0.5	0	0	0	0	0.5	0
0	0	2	0	0	0	0	2.5	1.5
0	2.5	2.5	0	0	0	0.5	3.5	1.5
0	0.5	1.5	0	0	0	2	2.5	2.5
0	0	0	0	0	0	0	0	0
0	0	0	0	0	0	0	0	0
0	0	0	0	0	0	0	0	0
0	0	0	0	0	0	0	0	0
0	0	0	0	0	0.5	0	0	0.5
0	0	1	0	0	0	0	0	0
0.5	0	0	0	0	0.5	0	0	0
1.5	1	0	1.5	1.5	1	1.5	0	0
0	0.5	3	0.5	1	1.5	1.5	2	1
0.5	0	0	0	0	0	0	0	0
0	0	0	0	0	0	0	0	0
0	0	0	0	0	0	0	0	0
0	0	0	0	0	0	0	0	0
3	0	0	0	0	0	0	0	0
3	4.5	3	15.5	5.5	14.5	1	1	2
0	0	1.5	0	0.5	0	0.5	2	1.5
0	0	0.5	0	0	0	0	0	0
0	0	0	0	0	0	0	0	0
0	0	0	0	0	0	0	0	0
0	0	0	0	0	0	0	0	0
0	0	0	0	0	0	0	0	0
0	0	0	0	0	0	0	0	0
0	0	0	0	0	0	0	0	0
0	0	0	0	0	0	0	0	0
0	0	0	0	0	0	0	0	0
0	0	0	0	0	0	0	0	0
0	0.5	0	0	0	0	0	0	0
0	0	0	0	0	0	0	0	0
0	0	0	0	0	0	0	0	0
0	0	0	0	0	0	0	0	0
0	0	0	0	0	0	0	0	0
0	0	0	0	0	0	0	0	0
0	0	0	0	0	0	0	0	0
0	0	0	0	0	0	0	0	0
0	0	0	0	0	0	0	0	0
0	0	0	0	0	0	0	0	0
0	0	0	0	0	0	0	0	0
0	0	0	0	0	0	0	0	0
0.5	2	0	0	0	0	0	0	0
0	0	0	0.5	0	0	0	0	0
1	1	0.5	0	0.5	0	0	0.5	0
0	0	0	0	0	0	0	0	0
3.5	1	0	2	1	1	0.5	0	0
7	2.5	0.5	4.5	4	4.5	1.5	0.5	1
17.5	3.5	3	26	6	5	3.5	0.5	2
7	2.5	4.5	12.5	35	24	4.5	2	3
2	3	0.5	6	4	8	1.5	6.5	1.5
0.5	0	0	0.5	0.5	0.5	0	0	0
0	0	0	1.5	0	1	0	0	0.5
0.5	0	0	0.5	0.5	0.5	0.5	0	0
0	0	0	0	0	0	0	0	0
0	0	0	0	0	0	0	0.5	0
0	0	0	0	0	0	0	0	0
0	0	0	0	0	0	0	0	0
0	0	0	0	0	0	0	0	0
0	0	0	0	0	0	0	0	0
0	0	0	0	0	0	0	0	0
0	0	0	0	0	0	0	0	0
0	0	0	0.5	0	0	0	0	0
0	0	0	0	0	0.5	0	0	0
0	0	0	0	0	0	0	0	0
0	0	0	0	0	0	0	0	0
0	0	0	0	0	0	0	0	0
0	0	0	0	0	0	0	0	0
0	0	0	0	0	0	0	0	0
0.5	0	0	0	0	0	0	0	0
0	0	0	0	0	0	0	0	0
0	0	0	0	0	0	0	0	0
0	0	0	0	0	0	0	0	0
0	0	0	0.5	0	0.5	0	0	0
0	0	0	0	0	0	0	0	0
0	0	0	0	0	0	0	0	0
0	0	0	0	0	0	0.5	0	0
0	0	0	0	0	0	0	0	0
0	0	0	0	0	0	0	0	0
0	0.5	0	0	0	0	0	0	0
0	4	0	0	0.5	0.5	0.5	0	0
0	0	0	0	0	0	0	0	0
0	0	0	0	0	0.5	0	0	0
0	0	0	0	0	0	0	0	0
1	0	0	0	0.5	0.5	0	0	0
4	2	0.5	1.5	4	8.5	2	0	0
0	0	0	0	4.5	1.5	0	2.5	0
2	3.5	0	0.5	4	2	2.5	0	0
1	0.5	1	2	1	5	4	0	3
0	0	0	10	0	0.5	0	0	0
12	1	3	5	4.5	16.5	0	2	3
1	1.5	0	3	6	2	2	0	0.5
0	0	0.5	0.5	0	1	0.5	1	1.5
0	0	0	2	0	1	0	0	0.5
7	0	0	2	0.5	0.5	0	0	0
4.5	2	10	3	6.5	4.5	4	0	4
6	3.5	10	3	5	3	5.5	9.5	7
6.5	3.5	3.5	1	1.5	1	4	10	8.5
16.5	16.5	3	10	9	17.5	11.5	0.5	1
32	33.5	6	15.5	17.5	14	21	0	5.5
4.5	2	1.5	3	19.5	10	6.5	0.5	9.5
0.5	0	0.5	1	0.5	1	1	2.5	0.5
0	0.5	0.5	0.5	0	0.5	1	0	0.5
1	0	0	0	0.5	0.5	0	0.5	0.5
0.5	1	0	1	2	1	1	0	0.5
0.5	0.5	0	1	0.5	0.5	0	0.5	0
0.5	0	0.5	0	0	0.5	0.5	0.5	0.5
12.5	3.5	0	26	6.5	13	1	0.5	0
14.5	5	1.5	8.5	12	24	8	0	1
1.5	2	0.5	2.5	10.5	2.5	2.5	0.5	1
2	2	0.5	2.5	2	2.5	1.5	0.5	0.5
1	1	3	2	3.5	2	1	0.5	2.5
2.5	1	0.5	0.5	1.5	0.5	1	0.5	0.5
1	1	0.5	0.5	1	1	0.5	0	1.5
2	1.5	0.5	1	0.5	0.5	1	1	1.5
1	0.5	0.5	1.5	1	1	0.5	1	1
0	0.5	0.5	0.5	0.5	1	0	0	0.5
0.5	0	0	1	0	0.5	0	0.5	0.5
0	1	0.5	1	1	1.5	1.5	0.5	1
0.5	0.5	0	1	1.5	2	1	1	1.5
0	0	0.5	0	0	0	0.5	0	0
0	0	0	0	0	0	0	0	0.5
0	0.5	0	0.5	1	0	0	0	0
2.5	1	0	1.5	2	3.5	0	0	0
2	0.5	0.5	3.5	6.5	4	1	0	0
0.5	0.5	0	0.5	3	7.5	1.5	0	0.5
0	0	0	0	0	0	0	0	0
0	0	0	0	0	0	0	0	0
0	0	0	0	0	0	0	0	0
0	0	0	0	0	0	0	0	0
0	0	0	0	0	0	0	0	0
0	0	0	0	0	0	0	0	0
0	0	0	0	0	0	0	0	0
0	0	0	0	0	0	0	0	0
0	3.5	0	0	0	0	0	0	0
0	0	0	0	0	0	0	0	0
0	0	0	0	0	0	0	4.5	0
0	9.5	2.5	0	6.5	4.5	1	0	0
0	0	0	0	0.5	0	0.5	0	0
0	0	0	0	0	0	0	0	0
0	0	0	0	0	0	0	2	4
0	0	0	0	0	0.5	0	0	0
0	0	0	0	0	0	0	0	0
1	0	0	0	0	0	0	0	0
4	0.5	0	8	10.5	21.5	0	0	0
16.5	7	0	9.5	20	11.5	0	0	0
12.5	13.5	21.5	10.5	20.5	15	16	9.5	23.5
1.5	3	2.5	4	2.5	9	3	0.5	2
0.5	0	1.5	1	1	1	1	2	2.5
0.5	0.5	0	0.5	0.5	1	0	0.5	1
0.5	0	0	1	0	3	0.5	0	0
0.5	0	0.5	0.5	0.5	0	0	0	0.5
0	0	0	0.5	0	0.5	0	0	0
0	0	0	0	0	0.5	0	0	0
0	0	0	0	0	0	0	0	0.5
0	0	0	0	0	0	0	0	0
0	0	0	0	0	0	0	0	0
0	0	0	0	0	0	0	0	0
0	0	0	0	0	0	0	0	0
0	0	0	0	0	0	0	0	0
0	0	0	5	3	0	0	0	0
0	0	0	0	0	0	0	0	0
0	0	0	0	0	0	0	0	0
0	0	0	0	0	0	0	0	0
0	0	0	0	0	0	0	0	0
0	0	0	0	0	0	0	0	0
0	0	0	0	0	0	0	0	0
0	0	0	0	0	0	0	0	0
0	0	0	0	0	0	0	0	0
0	0	0	0	0	0	0	0	0
0	0	0	0	0	0	0	0	0
0	0	0	0	0	0	0	0	0
0	0	0	0	0	0	0	0	0
0	0	0	0	0	0	0	0	0
0	0	0	1	0	0	0	0	0
0.5	0	0	1	0.5	1	0	0	0
0.5	0	0	0	0	0.5	0	0	0
2	0	0	0.5	0	0	0	0	0
1.5	0.5	0	1.5	1	0.5	0	0	0
0	0	0	0.5	0.5	1	0.5	0	0
0	0	0	0	0	0	0	0	0
0	0	0	0	0	0	0	0	0
0	0	0	0	0	0	0	0	0
0	0	0	0	0	0	0	0	0
0	0	0	0	0	0	0	0	0
15.5	24.5	0	0	1.5	0	1	0	0
0	0	4.5	0	1.5	6.5	0.5	2	0
0	0	0.5	0	0	0	0	1.5	0
0	0	0	0	0	0	0	0	0
0	0	0	0	0	0	0	0	0
0	0	0	0	0	0	0	0	0
0	0	0	0	0	0	0	0	0
0	0	0	0	0	0	0	0	0
0	0	0	0	0	0	0	0	0
0	0	0	0	0	0	0	0	0
0	0	0	0	0	0	0	0	0
0	0	0	0	0	0	0	0	0
0	0	0	0	0	0	0	0	0
0	0	0	0	0	0	0	0	0
0	0	0	0	0	0	0	0	0
0	0	0	0	0.5	0	0	0	0
0	0	0	0.5	0	0.5	0	0	0
0	0	0	0	0	0	0	0	0
0	0	0	0	0	0	0	0	0
0	0	0	0	0	0	0	0	0
0	0	0	0	0	0	0	0	0
0	0	0	0	0	0	0	0	0
3.5	0	0	0	0	0	0	0	0
4.5	0	0	0	0	0	0	0	0
0	0	0	0	0	7	0	0	0
0	0	0	0	0	0	0	1.5	0
0	0	0	0	0	0	0	0	0
0	0	0	0	0	0	0	0	0
0	0	0	0	0	0	0	0	0
0	0	0	0	0	0	0	0	0
0	0	0	0	0	0	0	0	0
0	0	0	0	0	0	0	0	0
0	0	0	0	0	0	0	0	0
0	0	0	0	0	0	0	0	0
0	0	0	0	0	0	0	0	0
0	0	0	0	0	0	0	0	0
0	0	0	0	0	0	0	0	0
0	0	0	0	0	0	0	0	0
0	0	0	0	0	0	0	0	0
0	0	0	0	0	0	0	0	0
0	0	0	0	0	0	0	0	0
0	0	0	0	0	0	0	0	0
0	0	0	0	0	0	0	0	0
0	0	0	0	0	0	0	0	0
0	0	0	0	0	0	0	0	0
0	0	0	0	0	0	0	0	0
0	0	0	0	0	0	0	0	0
0	0	0	0	0	0	0	0	0
0	0	0	2	0	0	0	0	0
0	0	0	0	0	0	0	0	0
0	0	0	0	0	0	0	0	0
0	0	0	0	0	0	0	0	0
0	0	0	0	0	0	0	0	0
0	0	0	0	0	0	0	0	0
0	0	0	0	0	0	0	0	0
0	0	0	0	0	0	0	0	0
0	0	0	0	0	0	0	0	0
0	0	0	0	0	0	0	0	0
0	0	0	0	0	0	0	0	0
0	0	0	0	0	0	0	0	0
0	0	0	0	0	0	0	0	0
0	0	0	0	0	0	0	0	0
0	0	0	0	0	0	0	0	0
0	0	0	0	0	0	0	0	0
0	0	0	0	0	0	0	0	0
0	0	0	0	0	0	0	0	0
0	0	0	0	0	0	0	0	0
0	0	0	0	0	0	0	0	0
0	0	0	0	0	0	0	0	0
0	0	0	0	0	0	0	0	0
0	0	0	0	0	0	0	0	0
0	0	0	0	0	0	0	0	0
0	0	0	0	0	0	0	0	0
0	0	0	0	0	0	0	0	0
0	0	0	0	0	0	0	0	0
0	0	0	0	0	0	0	0	0
0	0	0	0	0	0	0	0	0
0	0	0	0	0	0	0	0	0
0	0	0	0	0	0	0	0	0
0	0	0	0	0	0	0	0	0
0	0	0	0	0	0	0	0	0
0	0	0	0	0	0	0	0	0
0	0	0	0	0	0	0	0	0
0	0	0	0	0	0	0	0	0
0	0	0	0	0	0	0	0	0
0	0	0	0	0	0	0	0	0
0	0	0	0	0	0	0	0	0
0	0	0	0	0	0	0	0	0
0	0	0	0	0	0	0	0	0
0	0	0	0	0	0	0	0	0
0	0	0	0	0	0	0	0	0
0	0	0	0	0	0	0	0	0
0	0	0	0	0	0	0	0	0
0	0	0	0	0	0	0	0	0
0	0	0	0	0	0	0	0	0
0	0	0	0	0	0	0	0	0
0	0	0	0	0	0	0	0	0
0	0	0	0	0	0	0	0	0
0	0	0	0	0	0	0	0	0
0	0	0	0	0	0	0	0	0
0	0	0	0	0	0	0	0	0
0	0	0	0	0	0	0	0	0
0	0	0	0	0	0	0	0	0
0	0	0	0	0	0	0	3	0.5
0	0	0	0	0	0	0	0	0
0	0	0	0	0	0	0	0	0
0	0	0	0	0	0	0	0	0
0	0	0	0	0	0	0	0	0
0	0	0	0	0	0	0	0	0
0	0	0	0	0	0	0	0	0
0	3	0	0	0	0	0	0	0
0	0.5	0	0	2	0	0	0.5	0.5
0	0	0	0	0.5	0	0	1	0
0	0	0	0	0	0	0	0.5	0.5
0	0	0	0	0.5	0	0	3.5	2
0	0	0	11.5	0.5	0	0	2	2.5
32	5.5	0	8.5	0	1.5	2.5	0	0
14	0	0	1.5	0	0	0	0	0
3	2	0	0	0	0	0	0	0
0.5	0.5	1.5	0	0	0	0	0	0
0	0	0	0	0	0	0	6.5	0
0	0	0	0.5	0	4.5	0	9	0
0.5	0	0	4.5	3	4	0.5	1	0
2.5	1	0	0	23	1	23.5	0	0
0	3.5	7.5	0	0	0	0.5	0	0
0	0	7.5	0	0	0	0	0	0
0	0	0	0	0	0	0	0	0
0	0	0	0	0	0	0	0	0
0	0	0	0	0	0	0	0	0
0	0	0	0	0	0	0	0	0
0	0	0	0	0	0	0	0	0
0	0	0	0	0	0	0	0	0
0	0	0	0	0	0	0	0	0
0	0	0	0	0	0	0	0	0
0	0	0	0	0	0	0	0	0
0	0	0	0	0	0	0	0	0
0	0	0	0	0	0	0	0	0
0	0	0	0	0	0	0	0	0
0	0	0	0	0	0	0	0	0
1	0	0	0	0	0	0	0	0
1	0	0	0	0	0	0	0	0
0	0	0	0	0	0	0	0	0
0	0	2	0	0	0	0	0	0
0.5	0.5	0	0	0	0	0	0	0
0	0	2	0	0	0	0	0	0
0	0	0.5	0	3	0	0	46	0
0	0	0	0	0	0	0	0	0
0	0	0	0	0	0	0	0	0
0	0	0	0	0	0	0	0	0
0	0	0	0	0	0	0	0	0
0	0	0	0	0	0	0	0	0
0	0	0	0	0	0	0	0	0
0	0	0	0	0	0	0	0	0
0	0	0	0	0	0	0	0	0
0	0	0	0	0	0	0	0	0
0	0	0	0	0	0	0	0	0
0	0	0	0	0	0	0	0	0
0	0	0	0	0	0	0	0	0
0	0	0	0	0	0	0	0	0
0	0	0	0	0	0	0	0	0
0	0	0	0	0	0	0	0	0
8.5	0	0	0	0	0	0	0	0
0	0	16	0.5	1	1	0	0	4
0	0	0.5	0	0	0	0	0	0
0	0	0	0	0	0	0	0	0
0	0	0	0	0	0	0	0	0
0	0	0	0	0	0	0	0	0
0	0	0	0	0	0	0	0	0
0	0	0	0	0	0	0	0	0
0	0	0	0	0	0	0	0	0
0	0	0	0	0	0	0	0	0
0	0	0	0	0	0	0	0	0
0	0	0	0	0	0	0	0	0
0	0	0	0	0	0	0	0	0
0	0	0	0	0	0	0	0	0
0.5	0.5	0	0	0.5	1.5	0	0	0
0	0	0	0	0	0	0	0	0
0	0	0	0	0	0	0	0	0
0	0	0	0	0	0	0	0	0
0	0	0	0	0	0	0	0	0
0	0	1	0	0	0	0	0.5	0
0	0	0	0	0	0	0	0.5	0.5
0	0	0	0	0	0	0	0	0
0	0	0	0	0	0	0	0	0
0	0	0	0	0	0	0	0	0
0	0	0	0	0	0	0	0	0
0	0	0	0	0	0	0	0	0
0	0	0	0	0	0	0	0	0
0	0	0	0	0	0	0	0	0
0	0	0	0	0	0	0	0	0
0	0	0	0	0	0	0	0	0
0	0	0	0	0	0	0	0	0
0	0	0	0	0	0	0	0	0
0	0	0	0	4	0	0	0	0
0.5	0	0	0	0.5	0	0	0	0
0	0	0	5.5	0	8.5	0	0	0
0	0	0	0	0	11	0	0	0
0	0	0	0	0	0	0	0	0
0	0	0	0	0	0	0	0	0
0	0	0	0	0	0	0	0	0
0	0	0	0	0	0	0	0	0
0	0	0	0	0	0	0	0	0
0	0	0	0	0	0	0	0	0
0	0	0	0	0	0	0	0	0
0	0	0	0	0	0	0	0	0
0	0	0	0	0	0	0	0	0
0	0.5	0	0	0	0	0	0	0
0	2	0	0	0	0	0	0	0
0	0	0	0	0	0	0	0	0
0	0	0	0	0	0	0	0	0
0	0	0	0	0	0	0	0	0
0	0	0	0	0	0	0	0	0
0	0	0	0	0	0	0	0	0
0	0	0	0	0	0	0	0	0
0	0	0	0	0	0	0	0	0
0	0	0	0	0	0	0	0	0
0	0	0	0	0	0	0	0	0
0	0	0	0	0	0	0	0	0
0	0	0	0	0	0	0	0	0
5	0	0	9.5	6	10	0	0	0
21.5	25.5	6.5	7.5	13.5	5	10	13.5	5.5
0	1	9.5	0.5	0.5	2	1.5	9	13
0	0	0.5	0.5	0	0	0	0	0
8.5	1	0.5	0	0	0	0	0.5	0
3.5	11	2.5	2.5	11.5	5.5	6.5	2	3
4.5	3.5	4.5	2	1.5	1	2	5	3
11.5	8.5	11	2.5	4	3	2.5	8.5	1.5
4.5	9	29	2	5	2.5	9	29	5
13	16	5	10	9	10	19.5	15	6.5
4	6.5	11.5	6.5	6	16.5	9.5	19.5	9
4	1.5	1.5	2.5	3.5	2.5	2	5	3.5
1	3.5	3.5	1	1.5	2	2.5	4	2
1	1.5	3	0	0.5	0.5	1	4	4
0.5	0.5	1.5	0	0.5	0	0.5	2.5	2
0	0.5	0.5	0	0	0	0	0.5	0.5
0	0	0	0	0	0	0	0	0
0	0	0	0	0	0	0	0	0
0	0	0	0	0	0	0	0	0
0	0	0	0	0	0	0	0	0
0	0	0	0	0	0	0	0.5	0
0	0	0	0	0	0	0	0	0
0	0	0	0	0	0	0	0	0
0	0	0	0	0	0	0	0	0
0	0	0	0	0	0	0	0	0
0	0	0	0	0	0	0	0	0
0	0	0	0	0	0	0	0	0
0	0	0	0	0	0	0	0	0
0	0	0	0	0	0	0	0	0
0	0	0	0	0	0	0	0	0
0	0	0	0	0	0	0	0	0
0	0	0	0	0	0	0	0	0
0	0	0	0	0	0	0	0	0
0	0	0	0	0	0	0	0	0
0	0	0	0	0	0	0	0	0
0	0	0	0	0	0	0	0	0
0	0	0	0	0	0	0	0	0
0	0	0	0	0	0	0	0	0
0	0	0	0	0	0	0	0	0
0	0	0	0	0	0	0	0	0
0	0	0	0	0	0	0	0	0
0	0	0	0	0	0	0	0	0
0	0	0	0	0	0	0	0	0
0	0	0	0	0	0	0	0	0
10	0	0	0	0	0	0	0	0
13.5	0	0	0	0	0	0	0	0
0	0	0	2.5	0	0	0	0	0
0	0	0	0	0	0	0	0	0
0	0	0	0	0	0	0	0	7.5
0	0	0	0	0	0	0	0	0
0	0	0	0	0	0	0	0	0
0	0	0	0	0	0	0	0	0
0	0	0	0	0	0	0	0	0
0	0	0	0	0	0	0	0	0
0	0	0	0	0	0	0	0	0
0	0	0	0	0	0	0	0	0
0	0	0	0	0	0	0	0	0
0	0	0	0	0	0	0	0	0
0	0	0	0	0	0	0	0	0
0	0	0	0	0	0	0	0	0
0	0	0	0	0	0	0	0	0
0	0	0	0	0	0	0	0	0
0	0	0	0	0	0	0	0	0
0	0	0	0	0	0	0	0	0
0	0	0	0	0	0	0	0	0
0	0	0	0	0	0	0	0	0
0	0	0	0	0	0	0	0	0
17	0	0	0	0	0	0	11	0
0	0	0	8	0	0	0	0.5	0
0	0	0	0	0	0	0	0.5	0
0	0	0	0	0	0	0	0	0
0	0	0	0	0	0	0	0	0
0	0	0	0	0	0	0	0	0
0	0	0	0	0	0	2	0	0
0	0	0	0	0.5	0	1.5	0	0
0	0	0	0	0	0	0	0	0
0	0	0	0	0	0	0	0	0
0	0	0	0	0	0	0	0	0
0	0	0	0	0	0	0	0	0
0	0	0	0	0	0	0	0	0
0	0	0	0	0	0	0	0	0
0	0	0	0	0	0	0	0	0
0	0	0	0	0	0	0	0	0
0	0	0	0	0	0	0	0	0
0	0	0	0	0	0	0	0	0
0	0	0	0	0	0	0	0	0
0	2	0	0	0	0	0	0	0
0	0.5	0.5	0	0	0	0.5	0	0
0	0	0	0	0	0	0	0	0
0	0	0	0	0	0	0	0	0
0	0	0	0	0	0	0	0	0
0	0	0	0	0	0	0	0	0
0	0	0	0	0	0	0	0	0
0	0	0	0	0	0	0	0	0
0	0	0	0	0	0	0	0	0
0	0	0	0	0	0	0	0	0
0	0	0	0	0	0	0	0	0
0	0	0	0	0	0	0	0	0
0	0	0	0	0	0	0	0	0
0	0	0	0	0	0	0	0	0
0	0	0	0	0	0	0	0	0
0	0	0	0	0	0	0	0	0
0	0	0	0	0	0	0	0	0
0	0	0	0	0	0	0	0	0
0	0	0	0	0	0	0	0	0
0	0	0	0	0	0	0	0	0
0	0	0	0	0	0	0	0	0
0	0	0	0	0	0	0	0	0
0	0	0	0	0	0	0	0	0
0	0	0	0	0	0	0	0	0
0	0	0	0	0	0	0	0	0
0	0	0	0	0	0	0	0	0
0	0	0	0	0	0	0	0	0
0	0	0	0	0	0	0	0	0
0	0	0	0	0	0	0	0	0
0	0	0	0	0	0	0	0	0
0	0	0	0	0	0	0	0	0
0	0	0	0	0	0	0	0	0
0	0	0	0	0	0	0	0	0
0	0	0	0	0	0	0	0	0
0	0	0	0	0	0	0	0	0
0	0	0	0	0	0	0	0	0
0	0	0	0	0	0	0	0	0
0	0	0	0	0	0	0	0	0
0	0	0	0	0	0	0	0	0
0	0	0	0	0	0	0	0	0
0	0	0	0	0	0	0	0	0
0	0	0	0	0	0	0	0	0
0	0	0	0	0	0	0	0	0
0	0	0	0	0	0	0	0	0
0	0	0	0	0	0	0	0	0
0	0	0	0	0	0	0	0	0
0	0	0	0	0	0	0	0	0
0	0	0	0	0	0	0	0	0
0	0	0	0	0	0	0	0	0
0	0	0	0	0	0	0	0	0
0	0	0	0	0	0	0	0	0
0	0	0	0	0	0	0	0	0
0	0	0	0	0	0	0	0	0
0	0	0	0	0	0	0	0	0
0	0	0	0	0	0	0	0	0
0	0	0	0	0	0	0	0	0
0	0	0	0	0	0	0	0	0
0	0	0	0	0	0	0	0	0
0	0	0	0	0	0	0	0	0
0	0	0	0	0	0	0	0	0
0	0	0	0	0	0	0	0	0
0	0	0	0	0	0	0	0	0
0	0	0	0	0	0	0	0	0
0	0	0	0	0	0	0	0	0
0	0	0	0	0	0	0	0	0
0	0	0	0	0	0	0	0	0
0	0	0	0	0	0	0	0	0
0	0	0	0	0	0	0	0	0
0	0	0	0	0	0	0	0	0
0	0	0	0	0	0	0	0	0
0	0	0	0	0	0	0	0	0
0	0	0	0	0	0	0	0	0
0	0	0	0	0	0	0	0	0
0	0	0	0	0	0	0	0	0
0	0	0	0	0	0	0	0	0
0	0	0	0	0	0	0	0	0
0	0	0	0	0	0	0	0	0
0	0	0	0	0	0	0	0	0
0	0	0	0	0	0	0	0	0
0	0	0	0	0	0	0	0	0
0	0	0	0	0	0	0	0	0
0	0	0	0	0	0	0	0	0
0	0	0	0	0	0	0	0	0
0	0	0	0	0	0	0	0	0
0	0	0	0	0	0	0	0	0
0	0	0	0	0	0	0	0	0
0	0	0	0	0	0	0	0	0
0	0	0	0	0	0	0	0	0
0	0	0	0	0	0	0	0	0
0	0	0	0	0	0	0	0	0
0	0	0	0	0	0	0	0	0
0	0	0	0	0	0	0	0	0
0	0	0	0	0	0	0	0	0
0	0	0	0	0	0	0	0	0
0	0	0	0	0	0	0	0	0
0	0	0	0	0	0	0	0	0
0	0	0	0	0	0	0	0	0
0	0	0	0	0	0	0	0	0
0	0	0	0	0	0	0	0	0
0	0	0	0	0	0	0	0	0
0	0	0	0	0	0	0	0	0
0	0	0	0	0	0	0	0	0
0	0	0	0	0	0	0	0	0
0	0	0	0	0	0	0	0	0
0	0	0	0	0	0	0	0	0
0	0	0	0	0	0	0	0	0
0	0	0	0	0	0	0	0	0
0	0	0	0	0	0	0	0	0
0	0	0	0	0	0	0	0	0
0	0	0	0	0	0	0	0	0
0	0	0	0	0	0	0	0	0
0	0	0	0	0	0	0	0	0
0	0	0	0	0	0	0	0	0
0	0	0	0	0	0	0	0	0
0	0	0	0	0	0	0	0	0
0	0	0	0	0	0	0	0	0
0	0	0	0	0	0	0	0	0
0	0	0	0	0	0	0	0	0
0	0	0	0	0	0	0	0	0
0	0	0	0	0	0	0	0	0
0	0	0	0	0	0	0	0	0
0	0	0	0	0	0	0	0	0
0	0	0	0	0	0	0	0	0
0	0	0	0	0	0	0	0	0
0	0	0	0	0	0	0	0	0
0	0	0	0	0	0	0	0	0
0	0	0	0	0	0	0	0	0
0	0	0	0	0	0	0	0	0
0	0	0	0	0	0	0	0	0
0	0	0	0	0	0	0	0	0
0	0	0	0	0	0	0	0	0
0	0	0	0	0	0	0	0	0
0	0	0	0	0	0	0	0	0
0	0	0	0	0	0	0	0	0
0	0	0	0	0	0	0	0	0
0	0	0	0	0	0	0	0	0
0	0	0	0	0	0	0	0	0
0	0	0	0	0	0	0	0	0
0	0	0	0	0	0	0	0	0
0	0	0	0	0	0	0	0	0
0	0	0	0	0	0	0	0	0
0	0	0	0	0	0	0	0	0
0	0	0	0	0	0	0	0	0
0	0	0	0	0	0	0	0	0
0	0	0	0	0	0	0	0	0
0	0	0	0	0	0	0	0	0
0	0	0	0	0	0	0	0	0
0	0	0	0	0	0	0	0	0
0	0	0	0	0	0	0	0	0
0	0	0	0	0	0	0	0	0
0	0	0	0	0	0	0	0	0
0	0	0	0	0	0	0	0	0
0	0	0	0	0	0	0	0	0
0	0	0.5	0	0	0	0	0	0
0	0	0	0	0	0	0	0	0
0	0	0	0	0	0	0	0	0
0	0	0	0	0	0	0	0	0
0	0	0	0	0	0	0	0	0
0	0	0	0	0	0	0	0	0
0	0	0	0	0	0	0	0	0
0	0	0	0	0	0	0	0	0
0	0	0	0	0	0	0	0	0
0	0	0	0	0	0	0	0	0
0	0	0	0	0	0	0	0	0
0	0	0	0	0	0	0	0	0
0	0	0	0	0	0	0	0	0
0	0	0	0	0	0	0	0	0
0	0	0	0	0	0	0	0	0
0	0	0	0	0	0	0	0	0
0	0	0	0	0	0	0	0	0
0	0	0	0	0	0	0	0	0
0	0	0	0	0	0	0	0	0
0	0	0	0	0	0	0	0	0
0	0	0	0	0	0	0	0	0
0	0	0	0	0	0	0	0	0
0	0	0	0	0	0	0	0	0
0	0	0	0	0	0	0	0	0
0	0	0	0	0	0	0	0	0
0	0	0	0	0	0	0	0	0
0	0	0	0	0	0	0	0	0
0	0	0	0	0	0	0	0	0
0	0	0	0	0	0	0	0	0
0	0	0	0	0	0	0	0	0
0	0	0	0	0	0	0	0	0
0	0	0	0	0	0	0	0	0
0	0	0	0	0	0	0	0	0
0	0	0	0	0	0	0	0	0
0	0	0	0	0	0	0	0	0
0	0	0	0	0	0	0	0	0
0	0	0	0	0	0	0	0	0
0	0	0	0	0	0	0	0	0
0	0	0	0	0	0	0	0	0
0	0	0	0	0	0	0	0	0
0	0	0	0	0	0	0	0	0
0	0	0	0	0	0	0	0	0
0	0	0	0	0	0	0	0	0
0	0	0	0	0	0	0	0	0
0	0	0	0	0	0	0	0	0
0	0	0	0	0	0	0	0	0
0	0	0	0	0	0	0	0	0
0	0	0	0	0	0	0	0	0
0	0	0	0	0	0	0	0	0
0	0	0	0	0	0	0	0	0
0	0	0	0	0	0	0	0	0
0	0	0	0	0	0	0	0	0
0	0	0	0	0	0	0	0	0
0	0	0	0	0	0	0	0	0
0	0	0	0	0	0	0	0	0
0	0	0	0	0	0	0	0	0
0	0	0	0	0	0	0	0	0
0	0	0	0	0	0	0	0	0
0	0	0	0	0	0	0	0	0
0	0	0	0	0	0	0	0	0
0	0	0	0	0	0	0	0	0
0	0	0	0	0	0	0	0	0
0	0	0	0	0	0	0	0	0
0	0	0	0	0	0	0	0	0
0	0	0	0	0	0	0	0	0
0	0	0	0	0	0	0	0	0
0	0	0	0	0	0	0	0	0
0	0	0	0	0	0	0	0	0
0	0	0	0	0	0	0	0	0
0	0	0	0	0	0	0	0	0
0	0	0	0	1.5	0	0	0	11
0	0	0	0	0	0	0	1	0
0	0	0	0	0	0	0	0	0
0	0	0	0	0	0	0	0	0
0	0	0	0	0	0	0	0	0
0	0	0	0	0	0	0	0	0
0	0	0	0	0	0	0	0.5	0
0	0	0	0	0	0	0	0	0
0	0	0	0	0	0	0	0	0
0	0	0	0	0	0	0	0	0
0	0	0	0	0	0	0	0	0
0	0	0	0	0	0	0	0	0
0	0	0	0	0	0	0	0	0
0	0	0	0	0	0	0	0	0
0	0	0	0	0	0	0	0	0
0	0	0	0	0	0	0	0	0
0	0	0	0	0	0	0	0	0
0	0	0	0	0	0	0	0	0
0	0	0	0	0	0	0	0	0
0	0	0	0	0	0	0	0	0
0	0	0	0	0	0	0	0.5	0
0	0	0	0	0	0	0	0	0
0	0	0	0	0	0	0	0	0
0	0	0	0	0	0	0	0	0
0	0	0	0	0	0	0	0	0
0	0	0	0	0	0	0	0	0
0	0	0	0	0	0	0	0	0
0	0	0	0	0	0	0	0	0
0	0	0	0	0	0	0	0	0
0	0	0	0	0	0	0	0	0
0	0	0	0	0	0	0	0	0
0	0	0	0	0	0	0	0	0
0	0	0	0	0	0	0	0	0
0	0	0	0	0	0	0	0	0
0	0	0	0	0	0	0	0	0
0	0	0	0	0	0	0	0	0
0	0	0	0	0	0	0	0	0
0	0	0	0	0	0	0	0	0
0	0	0	0	0	0	0	0	0
0	0	0	0	0	0	0	0	0
0	0	0	0	0	0	0	0	0
0	0	0	0	0	0	0	0	0
0	0	0	0	0	0	0	0	0
0	0	0	0	0	0	0	0	0
0	0	0	0	0	0	0	0	0
0	0	0	0	0	0	0	0	0
0	0	0	0	0	9	0	0	0
0	0	0	0	0	12	0	0	0
0	0	0	0	0	0	0	0	0
0	0	0	0	0	0	0	0	0
0	0	0	0	0	0	0	0	0
0	0	0	0	0	0	0	0	0
0	0	0	0	0	0	0	0	0
0	0	0	0	0	0	0	0	0
0	0	0	0	0	0	0	0	0
0	0	0	0	0	0	0	0	0
0	0	0	0	0	0	0	0	0
0	0	0	0	0	0	0	0	0
0	0	0	0	0	0	0	0	0
0	0	0	0	0	0	0	0	0
0	0	0	0	0	0	0	0	0
0	0	0	0	0	0	0	0	0
0	0	0	0	0	0	0	0	0
0	0	0	0	0	0	0	0	0
0	0	0	0	0	0	0	0	0
0	0	0	0	0	0	0	0	0
0	0	0	0	0	0	0	0	0
0	0	0	0	0	0	0	0	0
0	0	0	0	0	0	0	0	0
0	0	0	0	0	0	0	0	0
0	0	0	0	0	0	0	0	0
0	0	0	0	0	0	0	0	0
0	0	0	0	0	0	0	0	0
0	0	0	5.5	0	1	0	0	0
0	0	0	23	0	0.5	0	0	0
0	0	0	0	0	7.5	0	0	0
0	0	0	0	0	0	0	0	0
0	0	0	0	0	0	0	0	0
0	0	0	0	0	0	0	0	0
0	0	0	0	0	0	0	0	0
0	0	0	0	0	0	0	0	0
0	0	0	0	0	0	0	0	0
0	0	0	0	0	0	0	0	0
0	0	0	0	0	0	0	0	0
0	0	0	0	0	0	0	0	0
1.5	0	0.5	0.5	4	0	0	0	0
3	2	1	6	6.5	10	3	0.5	1
2	1.5	1	2.5	2	5.5	1.5	1	1
0.5	1	1	1.5	1.5	1.5	0.5	0.5	0.5
0.5	0.5	0.5	1	0.5	0	0.5	0	1
0.5	0.5	0.5	0	0.5	0	0.5	0.5	0
0.5	0	0	0	0	0	0	0	0
0	0	0	0	0	0	0	0	0
0	0	0	0	0	0	0	0	0
0	0	0	0	0	0	0	0	0
0	0	0	0	0	0	0	0	0
0	0	0	0	0	0	0	0	0
0	0.5	0	0	0	0	0	0	0
0.5	0	0.5	0	0	0	0	0	0
0	0	0	0	0	0	0	0	0
0	0	0	0	0	0	0	0	0
0	0	0	0	0	0	0	0	0
0	0	0	0	0	0	0	0	0
0	0	0	0	0	0	0	0	0
0	0	0	0	0	0	0	0	0
0	0	0	0	0	0	0	0	0
0	0	0	0	0	0	0	0	0
0	0	0	0	0	0	0	0	0
0	0	0	0	0	0	0	0	0
0	0	0	0	0	0	0	0	0
0	0	0	0	0	0	0	0	0
0	0	0	0	0	0	0	0	0
0	0	0	0	0	0	0	0	0
0	0	0	0	0	0	0	0	0
0	0	0	0	0	0	0	0	0
0	0	0	0	0	0	0	0	0
0	0	0	0	0	0	0	0	0
0	0	0	0	0	0	0	0	0
0	0	0	0	0	0	0	0	0
0	0	0	0	0	0	0	0	0
0	0	0	0	0	0	0	0	0
0	0	0	0	0	0	0	0	0
0	0	0	0	0	0	0	0	0
0	0	0	0	0	0	0	0	0
0	0	0	0	0	0	0	0	0
0	0	0	0	0	0	0	0	0
0	0	0	0	0	0	0	0	0
0	0	0	0	0	0	0	0	0
0	0	0	0	0	0	0	0	0
0	0	0	0	0	0	0	0	0
0	0	0	0	0	0	0	0	0
0	0	0	0	0	0	0	0	0
0	0	0	0	0	0	0	0	0
0	0	0	0	0	0	0	0	0
0	0	0	0	0	0	0	0	0
0	0	0	0	0	0	0	0	0
0	0	0	0	0	0	0	0	0
0	0	0	0	0	0	0	0	0
0	0	0	0	0	0	0	0	0
0	0	0	0	0	0	0	0	0
0	0	0	0	0	0	0	0	0
0	0	0	0	0	0	0	0	0
0	0	0	0	0	0	0	0	0
0	0	0	0	0	0	0	0	0
0	0	0	0	0	0	0	0	0
0	0	0	0	0	0	0	0	0
0	0	0	0	0	0	0	0	0
0	0	0	0	0	0	0	0	0
0	0	0	0	0	0	0	0	0
0	0	0	0	0	0	0	0	0
0	0	0	0	0	0	0	0	0
0	0	0	0	0	0	0	0	0
0	0	0	0	0	0	0	0	0
0	0	0	0	0	0	0	0	0
0	0	0	0	0	0	0	0	0
0	0	0	0	0	0	0	0	0
0	0	0	0	0	0	0	0	0
0	0	0	0	0	0	0	0	0
0	0	0	0	0	0	0	0	0
0	0	0	0	0	0	0	0	0
0	0	0	0	0	0	0	0	0
0	0	0	0	0	0	0	0	0
0	0	0	0	0	0	0	0	0
0	0	0	0	0	0	0	0	0
0	0	0	0	0	0	0	0	0
0	0	0	0	0	0	0	0	0
0	0	0	0	0	0	0	0	0
0	0	0	0	0	0	0	0	0
0	0	0	0	0	0	0	0	0
0	0	0	0	0	0	0	0	0
0	0	0	0	0	0	0	0	0
0	0	0	0	0	0	0	0	0
0	0	0	0	0	0	0	0	0
0	0	0	0	0	0	0	0	0
0	0	0	0	0	0	0	0	0
0	0	0	0	0	0	0	0	0
0	0	0	0	0	0	0	0	0
0	0	0	0	0	0	0	0	0
0	0	0	0	0	0	0	0	0
0	0	0	0	0	0	0	0	0
0	0	0	0	0	0	0	0	0
0	0	0	0	0	0	0	0	0
0	0	2	0	0	0	0	0	0
0	0	0	0	0	0.5	4.5	0	0.5
0.5	0	15.5	1	0	0	2	1	8
0	0.5	2	3	3.5	7.5	3	5	14
1	1.5	1	0.5	1	0.5	3	0.5	1.5
0	0.5	0	0.5	0.5	0.5	0	0	0
0	0	0	1	1.5	0	0	0	0
0.5	0	0.5	0.5	0.5	0.5	0	0	0
0.5	0	0	0	0	0.5	0	0	0
1.5	0.5	0	0	0	2.5	0	0	0
3.5	0	0.5	1	0	1	0	0	0
0	0	0	2	0	1	0	0	0
0	0	0	0	0	0	0	0	0
0	0	0	0	0	0	0	0	0
0	0	0	0	0	0	0	0	0
9	0.5	0	5	2	0	0	0	0
5	15	11.5	4	7.5	11.5	7	5.5	8.5
3.5	4.5	4.5	4	4	4.5	2.5	7.5	4
0.5	1.5	3.5	0.5	1	1.5	1.5	4.5	4.5
0	0	0	0	0	0	0.5	0.5	0.5
0	0	0	0	0	0	0	0	0.5
0	0	0	0	0	0	0	0	0
2	2	3	0.5	0.5	0.5	1	0	2.5
0	0.5	0.5	0.5	0.5	0	0.5	1	1
0	0	0	0	0	0	0	0	0
0	0	0	0.5	0	0	0.5	0	0
0	0	0	0	0	0	0	0	0
0.5	0.5	0	0	0	0.5	0	0	1.5
1	0	0	0	2.5	0	0	0	0.5
0	1	0.5	0	0.5	0	0	0	0
0.5	2	2	0	1	0	2.5	2.5	3
0	1	1	0	0.5	0.5	1	2.5	2
0	0	0	0	0	0	0	0.5	0.5
0	0	0.5	0	0	0	0	0	0
0	0	0	0	0	0	0	0	0
0	0	0	0	0	0	0	0	0
0	0	0	0	0	0	0	0	0
0	0	0	0	0	0	0	0	0
0	0	0	0	0	0	0	0	0
0	0	0	0	0	0	0	0	0
0	0	0	0	0	0	0	0	0
0	0	0	0	0	0	0	0	0
0	0	0	0	0	0	0	0	0
0	0	0	0	0	0	0	0	0
0	0	0	0	0	0	0	0	0
0	0	0	0	0	0	0	0	0
0	0	0	0	0	0	0	0	0
0	0	0	0	0	0	0	0	0
0	0	0	0	0	0	0	0	0
0	0	0	0	0	0	0	0	0
0	0	0	0	0	0	0	0	0
0	0	0	0	0	0	0	0	0
0	0	0	0	0	0	0	0	0
0	0	0	0	0	0	0	0	0
0	0	0	0	0	0	0	0	0
0	0	0	0	0	0	0	0	0
0	0	0	0	0	0	0	0	0
0	0	0	0	0	0	0	0	0
0	0	0	0	0	0	0	0	0
0	0	0	0	0	0	0	0	0
0	0	0	0	0	0	0	0	0
0	0	0	0	0	0	0	0	0
0	0	0	0	0	0	0	0	0
0	0	0	0	0	0	0	0	0
0	0	0	0	0	0	0	0	0
0	0	0	0	0	0	0	0	0
0	0	0	0	0	0	0	0	0
0	0	0	0	0	0	0	0	0
0	0	0	0	0	0	0	0	0
0	0	0	0	0	0	0	0	0
0	0	0	0	0	0	0	0	0
0	0	0	0	0	0	0	0	0
0	0	0	0	0	0	0	0	0
0	0	0	0	0	0	0	0	0
0	0	0	0	0	0	0	0	0
0	0	0	0	0	0	0	0	0
0	0	0	0	0	0	0	0	0
0	0	0	0	0	0	0	0	0
0	0	0	0	0	0	0	0	0
0	0	0	0	0	0	0	0	0
0	0	0	0	0	0	0	0	0
0	0	0	0	0	0	0	0	0
0	0	0	0	0	0	0	0	0
0	0	0	0	0	0	0	0	0
0	0	0	0	0	0	0	0	0
0	0	0	0	0	0	0	0	0
0	0	0	0	0	0	0	0	0
0	0	0	0	0	0	0	0	0
0	0	0	0	0	0	0	0	0
0	0	0	0	0	0	0	0	0
0	0	0	0	0	0	0	0	0
0	0	0	0	0	0	0	0	0
0	0	0	0	0	0	0	0	0
0	0	0	0	0	0	0	0	0
0	0	0	0	0	0	0	0	0
0	0	0	1	0	0.5	0	0	0.5
0	0	0	1.5	0	3	0	2	0
0	0	0	1.5	0	0.5	0	0	0
0	0	0	9	0	50.5	0	0	0
0	0	0	26	1	25	0	0	0
3	0	0	25	18.5	19.5	14	0	0
1	0	0	9	7.5	13	26	0	0.5
1	9.5	3	0	1	0	3	1.5	8.5
1.5	0.5	0	0	0	0	0	8	7.5
0	0	0	0	3	0	20	0	1
0	0	0	4.5	0.5	2	2.5	0	0
0	0	0	0	0	0	0	0	0
0.5	0	0	0	0	0	0	0	0
0	0.5	7	0	0	0	0	0	0
0	0	0.5	0	0	0	0	2	0
0	0	0	0	0	0	0	0	0
0	0	0	0	0	0	0	0	0
0	0	0	0	0	0	0	0	0
0	0	0	0	0	0	0	0	0
0	0	0	0	0	0	0	0	0
0	0	0	0	0	0	0	0	0
0	0	0	0	0	0.5	0	0	0
0	0	0	0	0	0	0	0	0
0	0	0	0	0	0	0	0	0
0	0	0	0	0	0	0	0	0
2.5	0	0.5	0	0	0	0	1	0
0	1	1	0.5	4	0	3.5	8.5	6
0	0	0	0	0	0	0	0	0
0.5	0	0	0	0	0	0	0	0
0	1.5	0	0.5	0	1	0.5	0	0
0	0	0	0	0	0	0	0	0.5
0	0	0	0	0	0	0	0	0
0	0	0	0	0	0	0	0	0
0	0	0	0	0	0	0	0	0
0	0	0.5	0	0	0	0	0	0
0	0.5	0	0	0	0	0	0.5	0
0	0	0	1.5	0	0	0	0	0
2.5	0	0	42	0	5.5	0	0	0
0	0	17	0	0	14	0.5	6.5	1.5
10.5	10.5	6	0	2.5	0	0.5	4.5	1
0	0.5	2	0	0.5	0	0	2	3
0	0	0.5	0	0	0	0	1.5	0.5
0	0	0	0	0	0	0	0	0
0.5	0.5	0	0	0	0	0	0	0
1.5	3	0	0	0	0	0	0	0
0	0	0	0	0	0	0	0	0.5
0	0	0	0	0	0	0	0	0
0	1	0.5	0	0	0	0	0.5	0
0	0	2	0	0	0	0	1.5	0
0	0	0	0	0	0	0	9	0
0	0	0	0	0	0	0	0	0
0	0	0	0	0	0	0	0	0
0	0	0	0	0	0	0	0	0
1.5	1.5	0.5	1.5	4	0	0	0	0
11.5	7	1	1	8	5	14	0.5	1
0	0.5	1	0	1.5	1	2	0.5	1
0	0.5	1	0.5	0.5	0	0	1.5	0.5
0.5	0	1	0	0	0.5	0	1	0.5
0	0	0.5	0	0	0.5	0	1	0
0	0	0	0	0	0	0	0.5	0.5
0	0	0	1	0	0.5	0	0	0
0	0	0	3	0	6.5	2.5	0	0
0	0.5	0.5	0	0	1	0	0	0
0	0	0	1.5	0.5	1	0.5	0.5	0.5
2	0.5	0	3.5	0	3	0	0	0
9.5	8	1	11.5	8	5	3.5	0	1
31	11	6.5	5.5	18.5	8.5	7	3.5	6
8.5	31	6.5	3	21.5	4	12.5	7	6.5
6	7	24	0.5	2	1	9	4	14
6.5	13	11	0	1.5	0	2.5	16	18
0	0.5	3.5	0	0.5	0	6	14	16
0	0	0	0	0	0	0	2.5	0
0	0	0.5	0	0	0	0	1	0
0	0	0	0	0	1	0	0.5	0
0	0	1.5	0.5	0	1	1	0.5	0
0	0	0	0	0	0	0	1	1
0	0	0	0	0	0	0	1	0
8.5	2.5	7	1	0	0.5	0	0	0
6.5	9	16	5.5	8.5	7	6.5	10	4.5
1	1	1	2	1	2.5	1	10	3
1	2	1.5	1	1	1.5	1.5	2	0.5
1	1	1.5	0	0	0	0.5	2	1
3	2.5	2	1	1	1	0.5	0.5	1
0.5	1.5	1.5	0	0.5	0.5	0.5	1.5	1.5
0	0	0.5	0.5	1	0	1.5	0	0
0	0	0	1.5	0.5	0.5	4.5	0.5	2
0	0.5	1	0	0	0	0	0.5	0.5
0.5	0.5	0.5	0	0	0	1.5	0	0.5
0.5	0.5	0.5	0.5	0.5	0	0	0.5	0.5
0	0.5	0	0.5	0.5	0.5	0.5	0	0.5
3	1	1	0.5	0	0.5	0.5	0.5	0.5
1.5	1.5	0.5	2	2.5	2	1.5	1	1
7.5	3.5	0.5	2.5	4	2.5	5.5	0	1
1.5	2	1	2.5	3.5	2.5	9	1	2
0	0	0	3.5	1	4	1	0	0.5
2	3	11.5	1.5	1	1.5	0.5	14	3
2	6	1.5	2	4	2	3.5	1	9.5
3	3.5	1.5	3.5	3	3	2.5	2	1.5
1	10	2.5	3.5	1.5	3	3.5	13	2
3.5	3.5	10.5	0.5	1.5	0.5	1.5	12	7
5	6.5	6.5	1	1	0.5	3.5	5.5	5
0.5	1.5	3.5	0	0.5	0.5	1.5	6	2.5
2.5	5	7.5	0.5	1	0	2	9.5	3
11	6	2.5	4.5	4.5	4.5	5.5	1.5	4
4.5	5	3.5	5	5.5	5	5	1.5	3
2.5	3.5	6.5	1.5	2.5	1	3	5.5	4
1	3	4	0	1.5	0.5	4	5	3
1.5	3	7.5	2	0.5	2	1	3	3
0	1	5.5	0.5	0	0.5	0.5	7	6.5
1	0.5	2	0.5	0.5	0.5	0	3	1
0.5	0	1	0.5	0.5	1.5	1	0.5	1
0	0.5	0	0.5	0.5	0	0	0.5	0
0	0	0	0	0	0	0	0	0
0	0	0	0	0	0.5	0	0	0
0	0	0	0	0	0	0	0	0
0	0	0	0	0	0	0	0	0
0	0	0	0	0	0	0	0	0
0	0	0	0	0	0	0	0	0
0.5	0.5	0.5	0.5	0	0	0.5	0.5	0.5
1	0.5	0.5	0	0.5	0	0.5	0.5	0
0.5	0.5	1	0	0.5	0	0.5	1	0.5
0	0.5	0.5	0	0	0	0	0.5	0
0	0	0	0	0	0	0	0	0
0	0	0	0	0	0	0	0	0
0	0	0	0	0	0	0	0	0
0	0	0	0	0	0	0	0	0
0	0	0	0	0	0	0	0	0
0	0	0	0	0	0	0	0	0
0	0	0	0	0	0	0	0	0
0	0	0	0	0	0	0	0	0
0	0	0	0	0	0	0	0	0
0	0	0	0	0	0	0	0	0
0	0	0	0	0	0	0	0	0
0	0	0	0	0	0	0	0	0
0	0	0	0	0	0	0	0	0
0	0	0	0	0	0	0	0	0
0	0	0	0	0	0	0	0	0
0	0	0	0	0	0	0	0	0
0	0	0	0	0	0	0	0	0
0	0	0	0	0	0	0	0	0
0	0	0	0	0	0	0	0	0
0	0	0	0	0	0	0	0.5	0.5
0	0	0	0	0	0	0	0	0
0	0	0	0	0	0	0	0	0
0	0	0	0	0	0	0	0	0
0	0	0	0	0	0	0	0	0
0	0	0	0	0	0	0	0	0
0	0	0	0	0	0	0	0	0
0	0	0	0	0	0	0	0	0
0	0	0	0	0	0	0	0	0
0	0	0	0	0	0	0	0	0
0	0	0	0	0	0	0	0	0
0	0	0	0	0	0	0	0	0
0	0	0	0	0	0	0	0	0
0	0	0	0	0	0	0	0	0
1	0	0	0	0	0	0	0	0
0.5	0	1.5	0	0	0	0	0	0
0	0	0	0	0	0	0	0	0
0	0	0	0	0	0	0	0	0
0	0	0	0	0	0	0	0	0
0	0	0	0	0	0	0	0	0
0	0	0	0	0	0	0	0	0
0.5	0	0	0	0	0	0	0	0
0	0	0	0	0	0	0	0	0
0	0	0	0.5	0.5	0	0	0	0
0.5	0.5	1	0	0	0	0.5	0.5	0.5
0	0	0	0	0	0	0	0.5	0
0	0	0	0	0	0	0	0	0
0	0	0	0	0	0	0	0	0
0	0	0	0	0	0	0	0	0
0	0	0	0	0	0	0	0	0
0	0	0	0	0	0	0	0	0
0	0	0	0	0	0	0	0	0
0	0	0	0	0	0	0	0	0
0	0	0	0	0	0	0	0	0
0	0	0	0	0	0	0	0	0
0	0	0	0	0	0	0	0	0
0	0	0	0	0	0	0	0	0
0	0	0	0	0	0	0	0	0
0	0	0	0	0	0	0	0	0
0	0	0	0	0	0	0	0	0
0	0	0	0	0	0	0	0	0
0	0	0	0	0	0	0	0	0
0	0	0	0	0	0	0	0	0
0	0	0	0	0	0	0	0	0
0	0	0	0	0	0	0	0	0
0	0	0	0	0	0	0	0	0
0	0	0	0	0	0	0	0	0
0	0	0	0	0	0	0	0	0
0	0	0	0	0	0	0	0	0
0	0	0	0	0	0	0	0	0
0	0	0	0	0	0	0	0	0
0	0	0	0	0	0	0	0	0
0	0	0	0	0	0	0	0	0
0	0	0	0	0	0	0	0	0
0	0	0	0	0	0	0	0	0
0	0	0	0	0	0	0	0	0
0	0	0	0	0	0	0	0	0
0	0	0	0	0	0	0	0	0
0	0	0	0	0	0	0	0	0
0	0	0	0	0	0	0	0	0
0	0	0	0	0	0	0	0	0
0	0	0	0	0	0	0	0	0
0	0	0	0	0	0	0	0	0
0	0	0	0	0	0	0	0	0
0	0	0	0	0	0	0	0	0
0	0	0	0	0	0	0	0	0
0	0	0	0	0	0	0	0	0
0	0	0	0	0	0	0	0	0
0	0	0	0	0	0	0	0	0
0	0	0	0	0	0	0	0	0
0	0	0	0	0	0	0	0	0
0	0	0	0	0	0	0	0	0
0	0	0	0	0	0	0	0	0
0	0	0	0	0	0	0	0	0
0	0	0	0	0	0	0	0	0
0	0	0	0	0	0	0	0	0
0	0	0	0	0	0	0	0	0
0	0	0	0	0	0	0	0	0
0	0	0	0	0	0	0	0	0
0	0	0	0	0	0	0	0	0
0	0	0	0	0	0	0	0	0
0	0	0	0	0	0	0	0	0
0	0	0	0	0	0	0	0	0
0	0	0	0	0	0	0	0	0
0	0	0	0	0	0	0	0	0
0	0	0	0	0	0	0	0	0
0	0	0	0	0	0	0	0	0
0	0	0	0	0	0	0	0	0
0	0	0	0	0	0	0	0	0
0	0	0	0	0	0	0	0	0
0	0	0	0	0	0	0	0	0
0	0	0	0	0	0	0	0	0
0	0	0	0	0	0	0	0	0
0	0	0	0	0	0	0	0	0
0	0	0	0	0	0	0	0	0
0.5	0	0	0	0	0	0	0	0
0.5	1	0	0	1	0.5	1	0	0
0	1.5	1	0	0	0	2.5	0	0
0	0	0	0.5	0	0	3.5	2.5	0.5
0.5	0	0	1.5	0	1.5	0	0.5	0
0.5	0.5	0	0.5	0	0.5	0	0	0.5
1	0	0	0.5	0.5	2	0	0.5	0
0	1.5	0.5	0.5	0.5	1	0	0	0
0	0	0	0	0	0	0	0.5	0.5
0	0	1	0	0	0	0.5	0.5	1
0	0	0	0	0	0	0	0	0
0	0	0	0	0	0	0	0	0
0	0	0	0	0	0	0	1	0.5
0	0	0	0	0	0	0	0	0
0	0	0	0	0	0	0	0	0
0	0	0	0	0	0	0	0	0
0	0	0	0	0	0	0	0	0
0	0	0	0	0	0	0	0	0
0	0	0	0	0	0	0	0	0
0	0	0	0	0	0	0	0	0
0	0	0	0	0	0	0	0	0
0	0	0	0	0	0	0	0	0
0	0	0	0	0	0	0	0	0
0.5	0.5	0.5	0	0	0	0.5	0	0
0	0.5	0	0	0.5	0.5	0	0.5	0.5
0	0	0.5	0	0	0	0	0	0
0	0	0	0	0	0	0	0	0
0	0	0	0	0	0	0	0	0
0	0	0	0	0	0	0	0	0
0	0	0	0	0	0	0.5	0	0
0	0	0	0	0	0	0	0	0
0	0	0	0	0	0	0	0	0
0	0	0	0	0	0	0	0	0
0	0	0	0	0	0	0	0	0
0	0	0	0	0	0	0	0	0
0	0	0	0	0	0	0	0	0
0	0	0	0	0	0	0	0	0
0	0	0	0	0	0	0	0	0
0	0	0	0	0	0	0	0	0
0	0	0	0	0	0	0	0	0
0	0	0	0	0	0	0	0	0
0	0	0	0	0	0	0	0	0
0	0	0	0	0	0	0	0	0
0	0	0	0	0	0	0	0	0
0	0	0	0	0	0	0	0	0
0	0	0	0	0	0	0	0	0
0	0	0	0	0	0	0	0	0
0	0	0	0	0	0	0	0	0
0	0	0	0	0	0	0	0	0
0	0	0	0	0	0	0	0	0
1	0	0	0	0.5	0	0	0	0
1	1	0	1.5	2	1	1	0	0
0	0	1.5	0	0.5	0.5	1	1.5	2
0.5	0	0	0.5	0	0	0	0	0
0	0	0	0	0	0	0	0	0
2	0.5	0	0	1	0	0	0	0
3	3.5	2.5	2	2.5	2.5	2.5	1.5	1.5
1	3.5	3.5	1.5	1.5	1.5	3	3	4.5
0.5	1.5	1.5	0.5	0	1	0.5	2	2
0	0.5	1	0	0	0	0.5	2.5	1.5
1.5	0	0.5	0.5	0.5	0.5	0.5	0.5	0
0	0.5	1.5	0	0	0.5	0	2	1
0.5	1.5	2.5	0.5	0	0	1	3	1
0.5	0.5	2.5	0.5	2.5	0	1	2	1.5
0	0.5	0.5	0.5	0	0.5	0	1	0
0.5	0.5	0	0	0	0.5	0	0	0
0.5	0.5	1	0	0.5	0	0	0	0
0	0	2	0	0	0	0	3.5	1
0	0	0.5	0	0	0	0	3	0.5
0	0	0.5	0	0	0	0	0	0
0	0	0	0	0	0	0	0	0
0	0	0.5	0	0	0	0	0	0
0.5	1	1	0	0	0	0	0	0
0.5	0	0.5	0	0.5	0	0.5	1	0.5
0	0	0.5	0	0	0	0	0	0
0	0	0	0	0	0	0	0	0
0	0	0	0	0	0	0	0	0
0	0	0	0	0	0.5	0	0	0
0	0	0	0	0	0	0	0	0
0	0	0	0	0	0	0	0	0
0	0	0	0	0	0	0	0	0
0	0	0	0	0	0	0	0	0
0	0	0	0	0	0	0	0	0
0	0	0	0	0	0	0	0	0
0	0	0	0	0	0	0	0	0
0	0	0	0	0	0	0	0	0
0	0	0	0	0	0	0	0	0
0	0	0	0	0	0	0	0	0
0	0	0	0	0	0	0	0	0
0	0	0	0	0	0	0	0	0
0	0	0	0	0	0	0	0	0
0	0	0	0	0	0	0	0	0
0	0	0	0	0	0	0	0	0
0	0	0	0	0	0	0	0	0
0	0	0	0	0	0	0	0	0
0	0	0	0	0	0	0	0	0
0	0	0	0	0	0	0	0	0
0	0	0	0	0	0	0	0	0
0	0	0	0	0	0	0	0	0
0	0	0	0	0	0	0	0	0
0	0	0	0	0	0	0	0	0
0	0	0	0	0	0	0	0	0
0	0	0	0	0	0	0	0	0
0.5	0	0	0	0	0	0	0	0
4	1.5	2	0	1	0	0	0	0
15	26	11.5	11	12	3	15.5	6.5	6.5
9.5	7.5	9	10.5	16.5	10	22.5	10	7
7	7	12	8	8.5	7.5	3.5	16	12.5
15	15	2.5	22	18.5	15	5	0.5	4.5
23	38.5	37.5	15.5	27	20.5	28.5	7	22.5
7.5	10.5	28.5	2.5	5	3	10	32.5	17
5.5	9	8.5	1	5	1	8	12	10.5
3.5	2.5	9	1.5	2	1.5	1.5	5	5
4	5	4.5	2	2.5	2	1.5	2	2
1	1.5	2.5	1	0.5	1	1	4	2
0.5	1	0.5	0.5	0.5	0.5	1	1	1
0.5	0.5	0.5	0.5	0.5	0.5	0.5	0.5	0
0.5	0	0.5	1	0.5	1	0.5	1	0.5
0	0	0	0	0.5	0.5	0.5	0	0.5
2	3.5	0	1	4	1	0.5	0.5	0.5
2	0.5	0	2.5	3	0.5	1.5	0	0.5
3.5	2.5	0	6	7.5	5	3.5	2.5	0.5
0	0	1.5	6	3	11.5	2.5	0	1
0	0.5	2	4	0.5	4	0	0	0
5	3	1	12	6.5	10.5	3.5	0.5	4.5
26.5	7	7	18.5	15	14	7	5	6.5
33.5	42	17	42	50.5	45.5	28	6.5	13
8.5	8	35	3	6.5	2	9.5	36.5	22
0	0.5	3.5	4	3	2.5	4.5	5	3
1.5	1	8	0	0	0	0.5	4	0
4	0.5	1.5	0	0	0	0	1.5	0
2	2	0	0.5	0	0	1.5	1	1.5
2.5	0.5	0	0	0.5	0	0	0	1
0.5	0	0	0	0.5	0	1.5	0	0
0.5	0	0.5	0	0	0.5	0	0	0
0	0.5	0	0	0	0	0.5	0.5	0.5
0	0	0	0	0	0	0	0	0
0	0	0	0	0	0	0	0	0
0	0	0	0	0	0	0	0	0
1.5	0	0	1	0.5	0.5	0	0	0
1.5	1.5	1.5	1	0.5	0.5	0.5	1	0
0.5	0	0	0	0.5	0	1	1	0.5
0.5	0.5	1	0.5	0.5	0.5	0.5	0	0
0	0.5	0.5	0	0	0	0	0.5	0.5
3.5	0	0.5	0.5	1.5	0.5	0	0.5	0.5
1	0.5	1	0	0.5	0.5	2.5	1	1.5
0	0	0	0	0	0	0	0.5	0
0	0	0	0	0	0	0	0	0
0	0	0.5	0	0	0	0	0	0.5
0	0	0.5	0.5	0	0.5	0	1	0
0	0	0	0	0.5	0	0	0	0
1	1	0.5	0.5	1	0.5	1.5	0.5	1
1.5	2.5	2	0	0.5	0	0	0.5	0.5
3.5	2.5	2	0.5	2	1	1	1	1.5
0.5	1	1	0.5	1	1.5	1	1	0.5
1	1	1	4	2	4.5	2.5	1	1
0.5	1	1	1	2	1.5	3	0.5	1.5
1	1	1.5	1	1.5	1	2.5	1.5	3
3	3	1	2	2.5	2	2.5	2.5	2.5
2	3	2.5	1	2	1.5	2.5	1.5	4
1	1.5	1.5	0.5	1	0	1	2.5	0.5
0.5	0.5	0.5	0	0	0	0	1	0.5
0	0	0.5	0	0	0	0.5	0	0
0	0	0	0	0	0	0	0.5	0
0	0	0	0	0	0	0	0	0
0	0	0	0	0	0	0	0	0
0	0	0	0	0	0	0	0	0
0	0	0	0	0	0	0	0	0
0	0	0	0	0	0	0	0	0
0	0	0	0	0	0	0	0	0
0	0	0	0.5	0	0	0	0	0
0.5	0	0	0	0.5	0	0	0	0
0	0.5	1	0	0	0.5	0	0.5	0.5
0.5	0.5	0	0.5	0.5	0	0.5	0	0.5
0	0	0	0	0	0	0	0.5	0
0	0	0	0	0.5	0.5	0	0	0.5
0	0	0	0.5	0.5	0	0	0	0
0	0	0	0	0	0	0	0	0
0	0	0	0	0	0	0	0	0
0	0	0	0	0	0	0	0	0
0	0	0	0	0	0	0	0	0
0	0	0	0	0	0	0	0	0
0	0	0	0	0	0	0	0	0
0	0	0	0	0	0	0	0	0
0	0	0	0	0	0	0	0	0
0	0	0	0	0	0	0	0	0
0	0	0	0	0	0	0	0	0
0	0	0	0	0	0	0	0	0
0	0	0	0	0	0	0	0	0
0	0	0	0	0	0	0	0	0
0	0	0	0	0	0	0	0	0
0	0	0	0	0	0	0	0	0
0.5	0	0	0.5	0	0.5	0	0	0
0	0.5	1	0	0	0	0.5	0.5	0.5
0	0	0	0	0	0	0	0	0
0	0	0	0	0	0	0	0	0
0	0	0	0	0	0	0	0	0
0	0	0	0	0	0	0	0	0
0	0	0	0	0	0	0	0	0
0	0	0	0	0	0	0	0	0
0	0	0	0	0	0	0	0	0
0	0	0	0	0	0	0	0	0
0	0	0	0	0	0	0	0	0
0	0	0	0	0	0	0	0	0
0	0	0	0	0	0	0	0	0
0	0	0	0	0	0	0	0	0
0	0	0	0	0	0	0	0	0
0	0	0	0	0	0	0	0	0
4.5	0	0	0	0	0	0	0	0
0	0	0	0	0	0	0	0	0
0	0	0	0	0	0	0	0	0
0	0	0	0	0	0	0	0	0
0	0	0	0	0	0	0	0	0
0	0	0	0	0	0	0	0	0
0	0	0	0	0	0	0	0	0
0	0	0	0	0	0	0	0	0
0	0	0	0	0	0	0	0	0
0	0	0	0	0	0	0	0	0
0	0	0	0	0	0	0	0	0
0	0	0	0	0	0	0	1	0
0.5	0.5	1.5	0	0.5	0	0	0.5	1
1	0.5	1	1	1	0.5	0.5	1.5	0.5
0.5	0.5	1	0.5	0.5	0.5	0	1.5	0
0.5	1.5	1.5	0.5	0	0.5	0.5	2.5	1.5
0	0	0.5	0	0	0	0.5	0	0.5
0	0	0	0	0	0	0	0	0
0	0	0	0	0	0	0	0	0
0	0	0	0	0	0	0	0	0
0	0	0.5	0	0	0	0	0.5	0
0	0	0	0	0	0	0	0.5	0
0	0	1	0	0	0	0.5	2.5	0.5
0	0	0	0	0	0	0	1.5	0.5
0.5	1.5	3	0	0	0	1	0.5	0.5
1.5	0	2	0	1.5	0	1	1.5	1.5
1	1	2	0	0.5	0.5	0	3.5	0.5
0.5	1	1	2	0.5	1.5	1	2	1
1.5	3	3.5	0	0	0	2.5	2.5	4
1	0.5	0.5	0	1.5	0	2.5	0	1.5
0	1	0.5	0	0	0	0.5	0	0
0	0.5	0.5	1.5	0.5	1.5	0.5	0	0.5
0	0.5	0.5	0	0	0.5	0.5	0	0
0.5	0.5	0.5	0	0.5	0.5	0	0	0.5
0	1	1	0.5	0	0.5	0.5	0	0
0	1	0.5	0	1.5	0.5	0.5	0	0
1	1.5	1	0	0.5	0	0.5	2	0.5
1	1	0.5	0.5	0.5	0	1	0	0
0	0.5	0.5	1	1	0.5	0.5	0	0
0.5	0	0.5	0	0.5	0.5	1	0.5	0
0	0	0	0	0	0	0	0	0
0.5	0	0	0	0	0	0	0	0
0	0	0	0	0	0	0	0.5	0
0	0.5	0.5	0	0	0	0	0.5	0.5
0.5	0	0	0	0	0	0	1	0
4	0	0	1.5	2.5	0.5	0	0	0
0	0	0	0	0.5	1	0.5	0	0
0	0	0	0	0	0	0	0	0
0	0	0	0	0	0	0	0	0
0	0	0	0	0	0	0	0	0
0	0	0	0	0	0	0	0	0
0	0	0	0	0	0	0	0	0
0	0	0	0	0	0	0	0	0
0	0	0	0	0	0	0	0	0
0	0	0	0	0	0	0	0	0
0	0	0	0	0	0	0	0	0